# column 1: wavelength; lambda (micron)
# column 2: specific luminosity; L_nu (W/Hz)
# column 3: luminosity in bin (Lsun)
# column 4: luminosity fraction for source 1 (1)
# column 5: luminosity fraction for source 2 (1)
9.014971502e-02 1.041141498e+21 2.998058360e+07 5.680382305e-01 4.319617695e-01
9.044989264e-02 1.067274457e+21 3.063111060e+07 5.595916445e-01 4.404083555e-01
9.075106977e-02 1.105081321e+21 3.161092241e+07 5.334773386e-01 4.665226614e-01
9.105324976e-02 1.153280627e+21 3.288018329e+07 4.791697852e-01 5.208302148e-01
9.135643593e-02 1.088373383e+22 3.092669046e+08 7.633043703e-02 9.236695630e-01
9.166063164e-02 1.216609969e+22 3.445586911e+08 8.066787546e-02 9.193321245e-01
9.196584026e-02 1.267171689e+22 3.576873670e+08 6.721285290e-02 9.327871471e-01
9.227206515e-02 1.392898765e+22 3.918717860e+08 5.186937676e-02 9.481306232e-01
9.257930969e-02 1.585973737e+22 4.447098376e+08 5.413660220e-02 9.458633978e-01
9.288757729e-02 1.817922077e+22 5.080568506e+08 5.774044412e-02 9.422595559e-01
9.319687135e-02 2.145488679e+22 5.976123690e+08 6.634042796e-02 9.336595720e-01
9.350719528e-02 2.447938646e+22 6.795950105e+08 7.480446286e-02 9.251955371e-01
9.381855253e-02 2.484814383e+22 6.875430681e+08 4.553167927e-02 9.544683207e-01
9.413094652e-02 2.720173410e+22 7.501685433e+08 1.106289634e-01 8.893710366e-01
9.444438071e-02 2.897707818e+22 7.964768420e+08 1.275035282e-01 8.724964718e-01
9.475885856e-02 2.841093248e+22 7.783238721e+08 6.692577604e-02 9.330742240e-01
9.507438355e-02 2.928749670e+22 7.996748144e+08 4.859373542e-02 9.514062646e-01
9.539095916e-02 3.297570788e+22 8.973907634e+08 1.213578413e-01 8.786421587e-01
9.570858890e-02 3.620412197e+22 9.819780719e+08 1.737872405e-01 8.262127595e-01
9.602727627e-02 3.666068737e+22 9.910616625e+08 1.643909123e-01 8.356090877e-01
9.634702480e-02 3.659090362e+22 9.858923803e+08 1.544836930e-01 8.455163070e-01
9.666783802e-02 3.140528173e+22 8.433646080e+08 1.610945504e-01 8.389054496e-01
9.698971947e-02 2.167919019e+22 5.802458406e+08 1.153678958e-01 8.846321042e-01
9.731267270e-02 1.615383337e+22 4.309241976e+08 5.884098948e-02 9.411590105e-01
9.763670130e-02 1.470232593e+22 3.909017654e+08 1.058670690e-01 8.941329310e-01
9.796180884e-02 1.690522549e+22 4.479802378e+08 1.888518052e-01 8.111481948e-01
9.828799891e-02 2.198770664e+22 5.807298162e+08 2.746664524e-01 7.253335476e-01
9.861527512e-02 2.576209049e+22 6.781591009e+08 2.498522672e-01 7.501477328e-01
9.894364108e-02 2.743564074e+22 7.198166744e+08 2.066033038e-01 7.933966962e-01
9.927310043e-02 3.072236280e+22 8.033738873e+08 1.877208233e-01 8.122791767e-01
9.960365679e-02 3.462235545e+22 9.023520539e+08 1.846016798e-01 8.153983202e-01
9.993531384e-02 3.880427160e+22 1.007987714e+09 2.265047890e-01 7.734952110e-01
1.002680752e-01 4.143195385e+22 1.072673174e+09 2.258430465e-01 7.741569535e-01
1.006019446e-01 4.194741089e+22 1.082414168e+09 1.897101985e-01 8.102898015e-01
1.009369257e-01 4.146556804e+22 1.066429695e+09 1.574829493e-01 8.425170507e-01
1.012730223e-01 4.525138114e+22 1.159932594e+09 2.069057955e-01 7.930942045e-01
1.016102379e-01 4.280562733e+22 1.093598943e+09 1.841334835e-01 8.158665165e-01
1.019485764e-01 3.619223162e+22 9.215711712e+08 1.537940568e-01 8.462059432e-01
1.022880415e-01 3.019833332e+22 7.663952334e+08 1.017366269e-01 8.982633731e-01
1.026286369e-01 2.750239114e+22 6.956592711e+08 4.567665512e-02 9.543233449e-01
1.029703664e-01 3.116077086e+22 7.855803617e+08 1.242210356e-01 8.757789644e-01
1.033132338e-01 3.394542573e+22 8.529429578e+08 1.445630636e-01 8.554369364e-01
1.036572429e-01 3.485167100e+22 8.728078349e+08 7.542727388e-02 9.245727261e-01
1.040023974e-01 4.522449482e+22 1.128820940e+09 1.819998779e-01 8.180001221e-01
1.043487013e-01 5.516392899e+22 1.372343489e+09 2.210874972e-01 7.789125028e-01
1.046961582e-01 5.903124831e+22 1.463679213e+09 2.282347792e-01 7.717652208e-01
1.050447721e-01 5.745515670e+22 1.419872193e+09 2.166007411e-01 7.833992589e-01
1.053945468e-01 5.663217649e+22 1.394889470e+09 2.158603496e-01 7.841396504e-01
1.057454861e-01 5.461620731e+22 1.340770308e+09 2.233538975e-01 7.766461025e-01
1.060975941e-01 5.139674591e+22 1.257548580e+09 2.229100141e-01 7.770899859e-01
1.064508744e-01 4.794808341e+22 1.169275104e+09 2.096298815e-01 7.903701185e-01
1.068053311e-01 4.823664324e+22 1.172408156e+09 2.027303321e-01 7.972696679e-01
1.071609680e-01 5.094731760e+22 1.234182485e+09 2.185471586e-01 7.814528414e-01
1.075177892e-01 5.184947167e+22 1.251868447e+09 2.156970500e-01 7.843029500e-01
1.078757984e-01 5.226638010e+22 1.257746400e+09 2.575558243e-01 7.424441757e-01
1.082349998e-01 4.841709480e+22 1.161249900e+09 2.418134716e-01 7.581865284e-01
1.085953972e-01 4.471487790e+22 1.068895662e+09 1.880016942e-01 8.119983058e-01
1.089569947e-01 5.233517338e+22 1.246904623e+09 2.500014935e-01 7.499985065e-01
1.093197961e-01 5.604557921e+22 1.330874893e+09 2.354514382e-01 7.645485618e-01
1.096838057e-01 5.646200545e+22 1.336313859e+09 2.202890310e-01 7.797109690e-01
1.100490273e-01 5.746824209e+22 1.355615070e+09 2.508617110e-01 7.491382890e-01
1.104154650e-01 5.939137066e+22 1.396330185e+09 2.594288775e-01 7.405711225e-01
1.107831228e-01 5.213758579e+22 1.221720885e+09 1.870713309e-01 8.129286691e-01
1.111520049e-01 4.694690687e+22 1.096438727e+09 1.346951618e-01 8.653048382e-01
1.115221153e-01 5.197433361e+22 1.209825169e+09 2.522737500e-01 7.477262500e-01
1.118934580e-01 5.350133366e+22 1.241236666e+09 3.157350134e-01 6.842649866e-01
1.122660372e-01 4.778019303e+22 1.104826775e+09 2.793751425e-01 7.206248575e-01
1.126398570e-01 4.981030567e+22 1.147946901e+09 2.965804530e-01 7.034195470e-01
1.130149216e-01 5.063313126e+22 1.163037402e+09 2.178209796e-01 7.821790204e-01
1.133912351e-01 6.482224908e+22 1.484018426e+09 3.056403064e-01 6.943596936e-01
1.137688015e-01 6.485070168e+22 1.479742611e+09 2.862310789e-01 7.137689211e-01
1.141476252e-01 5.836407577e+22 1.327313207e+09 2.182249346e-01 7.817750654e-01
1.145277103e-01 5.988793803e+22 1.357448825e+09 2.537646941e-01 7.462353059e-01
1.149090610e-01 6.256800816e+22 1.413489991e+09 3.033271791e-01 6.966728209e-01
1.152916815e-01 6.070841976e+22 1.366927998e+09 2.976933522e-01 7.023066478e-01
1.156755760e-01 5.758838643e+22 1.292373140e+09 2.712770886e-01 7.287229114e-01
1.160607488e-01 6.167228879e+22 1.379429095e+09 3.270655828e-01 6.729344172e-01
1.164472041e-01 6.060484427e+22 1.351054778e+09 3.298839049e-01 6.701160951e-01
1.168349463e-01 5.390338992e+22 1.197672282e+09 3.234080634e-01 6.765919366e-01
1.172239795e-01 5.094661735e+22 1.128219436e+09 3.674059153e-01 6.325940847e-01
1.176143081e-01 4.287396283e+22 9.462985021e+08 2.597418018e-01 7.402581982e-01
1.180059364e-01 5.747854483e+22 1.264435245e+09 3.601376028e-01 6.398623972e-01
1.183988688e-01 6.499439293e+22 1.425026768e+09 3.372223349e-01 6.627776651e-01
1.187931095e-01 6.126477218e+22 1.338795537e+09 2.955480977e-01 7.044519023e-01
1.191886630e-01 5.265348612e+22 1.146797840e+09 2.273285057e-01 7.726714943e-01
1.195855336e-01 5.151957286e+22 1.118377167e+09 2.635539941e-01 7.364460059e-01
1.199837256e-01 4.751160946e+22 1.027950218e+09 2.646142059e-01 7.353857941e-01
1.203832436e-01 3.902637658e+22 8.415634666e+08 1.719562814e-01 8.280437186e-01
1.207840918e-01 3.392250055e+22 7.290760025e+08 9.365705273e-02 9.063429473e-01
1.211862748e-01 3.340835618e+22 7.156428807e+08 1.120698026e-01 8.879301974e-01
1.215897969e-01 1.135932221e+23 2.425213455e+09 1.435459460e-02 9.856454054e-01
1.219946627e-01 4.435140732e+22 9.437593300e+08 1.250552369e-01 8.749447631e-01
1.224008766e-01 4.914765607e+22 1.042348549e+09 2.218767663e-01 7.781232337e-01
1.228084431e-01 5.426560576e+22 1.147073148e+09 2.402939402e-01 7.597060598e-01
1.232173667e-01 6.195352584e+22 1.305235232e+09 2.924236821e-01 7.075763179e-01
1.236276519e-01 6.862896115e+22 1.441074681e+09 3.284824709e-01 6.715175291e-01
1.240393033e-01 7.286244609e+22 1.524892093e+09 3.494241794e-01 6.505758206e-01
1.244523253e-01 7.474310314e+22 1.559059869e+09 3.488100630e-01 6.511899370e-01
1.248667227e-01 7.190751835e+22 1.494934867e+09 3.306389049e-01 6.693610951e-01
1.252824999e-01 6.922562035e+22 1.434402816e+09 3.200925385e-01 6.799074615e-01
1.256996615e-01 7.450592798e+22 1.538690966e+09 3.713021158e-01 6.286978842e-01
1.261182122e-01 6.307810289e+22 1.298361118e+09 2.491171995e-01 7.508828005e-01
1.265381565e-01 6.448084575e+22 1.322829605e+09 2.497636515e-01 7.502363485e-01
1.269594992e-01 8.245154962e+22 1.685886393e+09 3.908670337e-01 6.091329663e-01
1.273822448e-01 8.094794261e+22 1.649649200e+09 3.550434560e-01 6.449565440e-01
1.278063981e-01 1.523890022e+23 3.095249867e+09 6.550258342e-01 3.449741658e-01
1.282319637e-01 9.046822443e+22 1.831447431e+09 4.227019034e-01 5.772980966e-01
1.286589464e-01 8.341942978e+22 1.683146467e+09 3.963374644e-01 6.036625356e-01
1.290873508e-01 7.885242634e+22 1.585718369e+09 4.019232644e-01 5.980767356e-01
1.295171817e-01 7.106954349e+22 1.424461855e+09 3.665836805e-01 6.334163195e-01
1.299484438e-01 7.006163846e+22 1.399599859e+09 3.459289227e-01 6.540710773e-01
1.303811420e-01 7.031334035e+22 1.399966467e+09 3.259740819e-01 6.740259181e-01
1.308152809e-01 8.111936498e+22 1.609758577e+09 3.936742109e-01 6.063257891e-01
1.312508654e-01 8.348188307e+22 1.651143217e+09 3.856276934e-01 6.143723066e-01
1.316879003e-01 8.640562408e+22 1.703298727e+09 3.994345204e-01 6.005654796e-01
1.321263904e-01 8.817544314e+22 1.732418306e+09 4.215930250e-01 5.784069750e-01
1.325663406e-01 8.416925153e+22 1.648218866e+09 4.046888331e-01 5.953111669e-01
1.330077557e-01 8.238474001e+22 1.607920209e+09 3.965675945e-01 6.034324055e-01
1.334506407e-01 6.674206173e+22 1.298295760e+09 2.396113310e-01 7.603886690e-01
1.338950003e-01 8.657387790e+22 1.678483956e+09 4.171533643e-01 5.828466357e-01
1.343408396e-01 8.717785307e+22 1.684584479e+09 4.131991289e-01 5.868008711e-01
1.347881634e-01 9.011888431e+22 1.735636340e+09 4.226410198e-01 5.773589802e-01
1.352369766e-01 8.906793939e+22 1.709702849e+09 4.064592406e-01 5.935407594e-01
1.356872844e-01 8.862463826e+22 1.695547686e+09 4.073063309e-01 5.926936691e-01
1.361390915e-01 8.426655245e+22 1.606819382e+09 3.957199669e-01 6.042800331e-01
1.365924031e-01 8.010649200e+22 1.522424806e+09 3.789681332e-01 6.210318668e-01
1.370472240e-01 8.389519246e+22 1.589137643e+09 4.098291857e-01 5.901708143e-01
1.375035595e-01 8.293716428e+22 1.565777058e+09 4.061573986e-01 5.938426014e-01
1.379614144e-01 8.155976242e+22 1.534662912e+09 4.072963053e-01 5.927036947e-01
1.384207938e-01 8.012012829e+22 1.502570936e+09 4.149185076e-01 5.850814924e-01
1.388817029e-01 7.944454109e+22 1.484956430e+09 4.578356031e-01 5.421643969e-01
1.393441468e-01 6.934866772e+22 1.291945148e+09 4.340742366e-01 5.659257634e-01
1.398081304e-01 7.420668775e+22 1.377860667e+09 4.669332019e-01 5.330667981e-01
1.402736590e-01 7.602472394e+22 1.406932979e+09 4.446833821e-01 5.553166179e-01
1.407407377e-01 8.195681441e+22 1.511680218e+09 4.598017748e-01 5.401982252e-01
1.412093717e-01 8.083438368e+22 1.486029033e+09 4.352802501e-01 5.647197499e-01
1.416795661e-01 7.969155471e+22 1.460157707e+09 4.232024343e-01 5.767975657e-01
1.421513261e-01 8.029678161e+22 1.466364394e+09 4.356831520e-01 5.643168480e-01
1.426246570e-01 8.348185758e+22 1.519470157e+09 4.568046336e-01 5.431953664e-01
1.430995640e-01 7.909057678e+22 1.434766130e+09 4.119665635e-01 5.880334365e-01
1.435760523e-01 8.489610470e+22 1.534971935e+09 4.357006100e-01 5.642993900e-01
1.440541272e-01 8.775003580e+22 1.581307317e+09 4.410580614e-01 5.589419386e-01
1.445337940e-01 8.901517143e+22 1.598782232e+09 4.481302505e-01 5.518697495e-01
1.450150580e-01 8.893474167e+22 1.592036539e+09 4.504878069e-01 5.495121931e-01
1.454979244e-01 8.714680960e+22 1.554853151e+09 4.448697695e-01 5.551302305e-01
1.459823987e-01 8.721078314e+22 1.550830646e+09 4.598538579e-01 5.401461421e-01
1.464684862e-01 7.736786073e+22 1.371232440e+09 4.044045916e-01 5.955954084e-01
1.469561923e-01 8.026811249e+22 1.417913847e+09 4.194168917e-01 5.805831083e-01
1.474455223e-01 8.179398305e+22 1.440072817e+09 4.192656779e-01 5.807343221e-01
1.479364816e-01 8.391541560e+22 1.472519816e+09 4.318537346e-01 5.681462654e-01
1.484290757e-01 7.808737923e+22 1.365703895e+09 3.906225487e-01 6.093774513e-01
1.489233101e-01 8.783433682e+22 1.531074522e+09 4.586001965e-01 5.413998035e-01
1.494191901e-01 8.316565322e+22 1.444881760e+09 4.304309375e-01 5.695690625e-01
1.499167213e-01 8.501409703e+22 1.472094040e+09 4.551006178e-01 5.448993822e-01
1.504159092e-01 7.958789866e+22 1.373560992e+09 4.389078720e-01 5.610921280e-01
1.509167592e-01 7.113660997e+22 1.223630738e+09 4.111628329e-01 5.888371671e-01
1.514192770e-01 8.111799534e+22 1.390691259e+09 4.886453446e-01 5.113546554e-01
1.519234680e-01 7.101742428e+22 1.213485902e+09 4.108683287e-01 5.891316713e-01
1.524293379e-01 7.833843916e+22 1.334138862e+09 4.740085980e-01 5.259914020e-01
1.529368921e-01 7.921471101e+22 1.344585010e+09 5.042197758e-01 4.957802242e-01
1.534461365e-01 7.339614269e+22 1.241686507e+09 4.949890230e-01 5.050109770e-01
1.539570765e-01 7.203398337e+22 1.214597714e+09 5.122664917e-01 4.877335083e-01
1.544697178e-01 6.203424964e+22 1.042516324e+09 4.470205848e-01 5.529794152e-01
1.549840661e-01 7.094631138e+22 1.188331074e+09 4.970510465e-01 5.029489535e-01
1.555001270e-01 8.811792429e+22 1.471052573e+09 5.732163428e-01 4.267836572e-01
1.560179063e-01 7.191765001e+22 1.196618536e+09 4.766370572e-01 5.233629428e-01
1.565374097e-01 7.995203581e+22 1.325885641e+09 5.256218821e-01 4.743781179e-01
1.570586429e-01 7.568146893e+22 1.250899434e+09 4.724235053e-01 5.275764947e-01
1.575816117e-01 7.835505971e+22 1.290791781e+09 4.683425205e-01 5.316574795e-01
1.581063219e-01 8.452353146e+22 1.387787853e+09 5.061135652e-01 4.938864348e-01
1.586327792e-01 7.376269318e+22 1.207086841e+09 4.292708694e-01 5.707291306e-01
1.591609895e-01 8.180518404e+22 1.334255123e+09 4.684621789e-01 5.315378211e-01
1.596909587e-01 8.710320116e+22 1.415951806e+09 4.863445730e-01 5.136554270e-01
1.602226925e-01 7.768777997e+22 1.258703295e+09 4.150108508e-01 5.849891492e-01
1.607561968e-01 8.401567712e+22 1.356710832e+09 4.554838769e-01 5.445161231e-01
1.612914776e-01 7.911424145e+22 1.273321088e+09 4.209353354e-01 5.790646646e-01
1.618285408e-01 8.637785282e+22 1.385613065e+09 4.720426761e-01 5.279573239e-01
1.623673922e-01 7.978623508e+22 1.275627404e+09 4.299472495e-01 5.700527505e-01
1.629080379e-01 8.486580902e+22 1.352336987e+09 4.526984478e-01 5.473015522e-01
1.634504839e-01 8.830229871e+22 1.402427705e+09 4.585367322e-01 5.414632678e-01
1.639947360e-01 8.407266083e+22 1.330820764e+09 4.230484962e-01 5.769515038e-01
1.645408004e-01 8.593821222e+22 1.355836724e+09 4.347360147e-01 5.652639853e-01
1.650886830e-01 9.734319208e+22 1.530674912e+09 5.051976349e-01 4.948023651e-01
1.656383900e-01 7.511681350e+22 1.177255803e+09 3.154869880e-01 6.845130120e-01
1.661899274e-01 9.820916032e+22 1.534058719e+09 4.808289764e-01 5.191710236e-01
1.667433012e-01 9.391688446e+22 1.462143390e+09 4.797923210e-01 5.202076790e-01
1.672985177e-01 9.235021605e+22 1.432981245e+09 4.664039551e-01 5.335960449e-01
1.678555829e-01 1.015840179e+23 1.571029280e+09 4.988874124e-01 5.011125876e-01
1.684145030e-01 9.544812839e+22 1.471236912e+09 4.617952784e-01 5.382047216e-01
1.689752842e-01 1.021725082e+23 1.569659862e+09 5.050455366e-01 4.949544634e-01
1.695379326e-01 8.804672082e+22 1.348158600e+09 4.361491903e-01 5.638508097e-01
1.701024546e-01 9.939646110e+22 1.516893273e+09 5.063683366e-01 4.936316634e-01
1.706688563e-01 8.376408399e+22 1.274084550e+09 4.224101624e-01 5.775898376e-01
1.712371439e-01 8.092317573e+22 1.226788301e+09 4.128745549e-01 5.871254451e-01
1.718073238e-01 9.096170460e+22 1.374395109e+09 4.818359097e-01 5.181640903e-01
1.723794023e-01 8.777776773e+22 1.321885520e+09 4.605017007e-01 5.394982993e-01
1.729533857e-01 9.529219869e+22 1.430286249e+09 4.926932682e-01 5.073067318e-01
1.735292803e-01 8.900775757e+22 1.331526389e+09 4.473032691e-01 5.526967309e-01
1.741070925e-01 9.296600531e+22 1.386124981e+09 4.714559578e-01 5.285440422e-01
1.746868287e-01 8.254356964e+22 1.226641827e+09 4.027295070e-01 5.972704930e-01
1.752684952e-01 8.621178202e+22 1.276901649e+09 4.198612587e-01 5.801387413e-01
1.758520986e-01 9.292137979e+22 1.371711495e+09 4.616221850e-01 5.383778150e-01
1.764376453e-01 7.845890681e+22 1.154371732e+09 3.707651255e-01 6.292348745e-01
1.770251416e-01 9.186494194e+22 1.347130094e+09 4.702194064e-01 5.297805936e-01
1.776145942e-01 8.261234785e+22 1.207427327e+09 4.124435366e-01 5.875564634e-01
1.782060096e-01 9.698568945e+22 1.412797753e+09 4.931696679e-01 5.068303321e-01
1.787993942e-01 8.108852135e+22 1.177302379e+09 3.814258506e-01 6.185741494e-01
1.793947547e-01 9.625033686e+22 1.392795007e+09 4.681032732e-01 5.318967268e-01
1.799920975e-01 1.037795889e+23 1.496763526e+09 4.996022669e-01 5.003977331e-01
1.805914294e-01 1.052664035e+23 1.513168644e+09 5.110819968e-01 4.889180032e-01
1.811927569e-01 8.770325970e+22 1.256520522e+09 4.326117304e-01 5.673882696e-01
1.817960867e-01 1.026021343e+23 1.465097570e+09 5.199181051e-01 4.800818949e-01
1.824014255e-01 9.161022937e+22 1.303798347e+09 4.550562170e-01 5.449437830e-01
1.830087799e-01 8.262475940e+22 1.172014449e+09 3.958561877e-01 6.041438123e-01
1.836181566e-01 1.007594375e+23 1.424507679e+09 5.145861688e-01 4.854138312e-01
1.842295624e-01 8.034537168e+22 1.132129814e+09 4.093870152e-01 5.906129848e-01
1.848430041e-01 9.104322613e+22 1.278613555e+09 4.864677739e-01 5.135322261e-01
1.854584883e-01 8.085226661e+22 1.131723066e+09 4.198113502e-01 5.801886498e-01
1.860760220e-01 8.763568034e+22 1.222602370e+09 4.584773750e-01 5.415226250e-01
1.866956120e-01 9.229082247e+22 1.283273096e+09 4.727437471e-01 5.272562529e-01
1.873172650e-01 1.006724138e+23 1.395170734e+09 5.036744311e-01 4.963255689e-01
1.879409880e-01 9.941266392e+22 1.373140225e+09 5.052959928e-01 4.947040072e-01
1.885667878e-01 8.489402256e+22 1.168709550e+09 4.441913472e-01 5.558086528e-01
1.891946714e-01 7.559800883e+22 1.037280324e+09 3.919974705e-01 6.080025295e-01
1.898246457e-01 1.009232449e+23 1.380172250e+09 5.380076562e-01 4.619923438e-01
1.904567177e-01 9.753601880e+22 1.329423688e+09 5.040844186e-01 4.959155814e-01
1.910908943e-01 9.937902054e+22 1.350048600e+09 5.177922668e-01 4.822077332e-01
1.917271826e-01 9.608144352e+22 1.300919766e+09 5.162841192e-01 4.837158808e-01
1.923655896e-01 9.315044066e+22 1.257049007e+09 5.052007372e-01 4.947992628e-01
1.930061224e-01 9.297113648e+22 1.250465569e+09 4.943110721e-01 5.056889279e-01
1.936487879e-01 8.928364581e+22 1.196883326e+09 4.579827287e-01 5.420172713e-01
1.942935934e-01 1.061935978e+23 1.418843640e+09 5.390142750e-01 4.609857250e-01
1.949405459e-01 9.992389262e+22 1.330643907e+09 5.203583233e-01 4.796416767e-01
1.955896527e-01 8.903254187e+22 1.181673730e+09 4.690258818e-01 5.309741182e-01
1.962409208e-01 1.015238807e+23 1.342991676e+09 5.203094721e-01 4.796905279e-01
1.968943575e-01 1.042318738e+23 1.374238016e+09 5.148559296e-01 4.851440704e-01
1.975499700e-01 1.045035950e+23 1.373247908e+09 5.102102074e-01 4.897897926e-01
1.982077655e-01 1.028958031e+23 1.347633131e+09 5.117574016e-01 4.882425984e-01
1.988677513e-01 1.006196579e+23 1.313448828e+09 5.097936869e-01 4.902063131e-01
1.995299347e-01 1.038699936e+23 1.351377638e+09 5.230386325e-01 4.769613675e-01
2.001943231e-01 9.503174909e+22 1.232286380e+09 4.689633311e-01 5.310366689e-01
2.008609237e-01 1.039050299e+23 1.342875652e+09 5.100139476e-01 4.899860524e-01
2.015297439e-01 1.021781154e+23 1.316174338e+09 5.004660308e-01 4.995339692e-01
2.022007911e-01 1.108780921e+23 1.423500347e+09 5.337988616e-01 4.662011384e-01
2.028740728e-01 1.031385333e+23 1.319742149e+09 5.045486725e-01 4.954513275e-01
2.035495964e-01 9.714845103e+22 1.238968653e+09 4.859159617e-01 5.140840383e-01
2.042273692e-01 1.091401003e+23 1.387283079e+09 5.416820534e-01 4.583179466e-01
2.049073989e-01 1.070093921e+23 1.355685466e+09 5.356209132e-01 4.643790868e-01
2.055896930e-01 9.483396729e+22 1.197449660e+09 4.823373992e-01 5.176626008e-01
2.062742589e-01 1.016969826e+23 1.279846001e+09 5.110359883e-01 4.889640117e-01
2.069611043e-01 1.010024065e+23 1.266886394e+09 4.926414372e-01 5.073585628e-01
2.076502367e-01 1.104504254e+23 1.380796399e+09 5.378736081e-01 4.621263919e-01
2.083416638e-01 1.071310320e+23 1.334854237e+09 5.298247140e-01 4.701752860e-01
2.090353931e-01 1.081629535e+23 1.343239318e+09 5.349319169e-01 4.650680831e-01
2.097314324e-01 1.003150251e+23 1.241644151e+09 5.018509464e-01 4.981490536e-01
2.104297894e-01 9.412348734e+22 1.161142370e+09 4.614562940e-01 5.385437060e-01
2.111304717e-01 9.891916592e+22 1.216253804e+09 4.813261567e-01 5.186738433e-01
2.118334871e-01 1.072526064e+23 1.314340600e+09 5.181674358e-01 4.818325642e-01
2.125388434e-01 1.057263485e+23 1.291337026e+09 5.105874933e-01 4.894125067e-01
2.132465484e-01 9.736982239e+22 1.185323926e+09 4.735629397e-01 5.264370603e-01
2.139566099e-01 1.038161156e+23 1.259603187e+09 5.128255060e-01 4.871744940e-01
2.146690357e-01 1.007662915e+23 1.218542143e+09 4.975095632e-01 5.024904368e-01
2.153838338e-01 1.118776280e+23 1.348418898e+09 5.395843120e-01 4.604156880e-01
2.161010119e-01 1.177574928e+23 1.414576482e+09 5.588528767e-01 4.411471233e-01
2.168205781e-01 9.951918121e+22 1.191519022e+09 4.787647025e-01 5.212352975e-01
2.175425402e-01 1.044169630e+23 1.246010052e+09 5.058003925e-01 4.941996075e-01
2.182669064e-01 1.057499783e+23 1.257729009e+09 5.162771972e-01 4.837228028e-01
2.189936845e-01 1.112309025e+23 1.318525563e+09 5.381079325e-01 4.618920675e-01
2.197228826e-01 1.123814405e+23 1.327742907e+09 5.379828261e-01 4.620171739e-01
2.204545088e-01 1.127341002e+23 1.327489213e+09 5.406885758e-01 4.593114242e-01
2.211885711e-01 9.997553056e+22 1.173344976e+09 4.871817646e-01 5.128182354e-01
2.219250776e-01 9.863915722e+22 1.153818920e+09 4.867624076e-01 5.132375924e-01
2.226640366e-01 9.233181253e+22 1.076455217e+09 4.546450298e-01 5.453549702e-01
2.234054561e-01 1.148498822e+23 1.334539591e+09 5.594010716e-01 4.405989284e-01
2.241493444e-01 9.888697808e+22 1.145239493e+09 4.871613504e-01 5.128386496e-01
2.248957097e-01 1.005211137e+23 1.160301370e+09 4.993453623e-01 5.006546377e-01
2.256445601e-01 1.034463215e+23 1.190103870e+09 5.160454730e-01 4.839545270e-01
2.263959041e-01 9.952710814e+22 1.141215085e+09 4.928943418e-01 5.071056582e-01
2.271497499e-01 9.926067801e+22 1.134382866e+09 4.876235811e-01 5.123764189e-01
2.279061058e-01 1.001353996e+23 1.140581593e+09 4.887787515e-01 5.112212485e-01
2.286649802e-01 1.066276224e+23 1.210499881e+09 5.220503273e-01 4.779496727e-01
2.294263815e-01 1.055042983e+23 1.193772257e+09 5.248432466e-01 4.751567534e-01
2.301903180e-01 1.037646696e+23 1.170192037e+09 5.162697979e-01 4.837302021e-01
2.309567983e-01 1.116607851e+23 1.255060352e+09 5.523547599e-01 4.476452401e-01
2.317258308e-01 1.013827295e+23 1.135753843e+09 5.318654217e-01 4.681345783e-01
2.324974240e-01 8.545716443e+22 9.541683713e+08 4.676120254e-01 5.323879746e-01
2.332715865e-01 8.731980553e+22 9.717299769e+08 4.656878639e-01 5.343121361e-01
2.340483267e-01 9.814234292e+22 1.088542938e+09 5.134713499e-01 4.865286501e-01
2.348276532e-01 8.802413200e+22 9.730769762e+08 4.531625551e-01 5.468374449e-01
2.356095748e-01 7.692475298e+22 8.475549381e+08 3.726782745e-01 6.273217255e-01
2.363940999e-01 9.943491187e+22 1.091935395e+09 5.177852857e-01 4.822147143e-01
2.371812374e-01 1.021760205e+23 1.118312906e+09 5.331293457e-01 4.668706543e-01
2.379709958e-01 7.607094811e+22 8.298306753e+08 3.757235404e-01 6.242764596e-01
2.387633840e-01 9.329103709e+22 1.014301060e+09 4.910480087e-01 5.089519913e-01
2.395584106e-01 9.077799368e+22 9.837026485e+08 4.743177911e-01 5.256822089e-01
2.403560844e-01 9.680056778e+22 1.045484185e+09 5.093345729e-01 4.906654271e-01
2.411564144e-01 8.528383102e+22 9.180420343e+08 4.432709536e-01 5.567290464e-01
2.419594092e-01 1.002703176e+23 1.075782707e+09 5.232669128e-01 4.767330872e-01
2.427650779e-01 9.056708221e+22 9.684536651e+08 4.730106730e-01 5.269893270e-01
2.435734292e-01 9.887348489e+22 1.053767050e+09 5.203938828e-01 4.796061172e-01
2.443844721e-01 1.073646540e+23 1.140466163e+09 5.548760995e-01 4.451239005e-01
2.451982157e-01 8.131900356e+22 8.609331422e+08 4.091020425e-01 5.908979575e-01
2.460146688e-01 9.483569279e+22 1.000703691e+09 4.951012154e-01 5.048987846e-01
2.468338405e-01 1.023105791e+23 1.075995676e+09 5.345089036e-01 4.654910964e-01
2.476557398e-01 9.870666555e+22 1.034648344e+09 5.196467576e-01 4.803532424e-01
2.484803759e-01 8.240959721e+22 8.609548555e+08 4.388016136e-01 5.611983864e-01
2.493077579e-01 9.521200181e+22 9.914038176e+08 5.339897286e-01 4.660102714e-01
2.501378948e-01 1.019211597e+23 1.057741514e+09 5.606771461e-01 4.393228539e-01
2.509707959e-01 9.886910667e+22 1.022661970e+09 5.308663516e-01 4.691336484e-01
2.518064704e-01 8.534455028e+22 8.798397774e+08 4.559239313e-01 5.440760687e-01
2.526449274e-01 8.393977827e+22 8.624857302e+08 4.442595427e-01 5.557404573e-01
2.534861764e-01 8.783778959e+22 8.995427374e+08 4.719258266e-01 5.280741734e-01
2.543302264e-01 9.469636190e+22 9.665626299e+08 5.134053869e-01 4.865946131e-01
2.551770870e-01 8.587951248e+22 8.736602541e+08 4.618222742e-01 5.381777258e-01
2.560267675e-01 9.386683872e+22 9.517469692e+08 5.042911429e-01 4.957088571e-01
2.568792771e-01 1.047977382e+23 1.059052580e+09 5.543691929e-01 4.456308071e-01
2.577346255e-01 9.619581673e+22 9.688980949e+08 5.107964663e-01 4.892035337e-01
2.585928219e-01 1.060965613e+23 1.065073370e+09 5.568959407e-01 4.431040593e-01
2.594538759e-01 1.054008128e+23 1.054577450e+09 5.554618346e-01 4.445381654e-01
2.603177971e-01 1.111537681e+23 1.108447206e+09 5.811583158e-01 4.188416842e-01
2.611845949e-01 9.228037392e+22 9.171840028e+08 4.981631629e-01 5.018368371e-01
2.620542789e-01 9.497769252e+22 9.408600806e+08 5.125632215e-01 4.874367785e-01
2.629268588e-01 8.745467002e+22 8.634610192e+08 4.684642745e-01 5.315357255e-01
2.638023442e-01 1.104641778e+23 1.087019907e+09 5.765746730e-01 4.234253270e-01
2.646807447e-01 1.042391378e+23 1.022358345e+09 5.476358124e-01 4.523641876e-01
2.655620701e-01 1.169398565e+23 1.143118346e+09 5.984786664e-01 4.015213336e-01
2.664463301e-01 1.009499067e+23 9.835373632e+08 5.417629126e-01 4.582370874e-01
2.673335345e-01 1.043509183e+23 1.013298777e+09 5.565129706e-01 4.434870294e-01
2.682236931e-01 1.080042324e+23 1.045293670e+09 5.701210881e-01 4.298789119e-01
2.691168157e-01 1.076399805e+23 1.038311008e+09 5.725341772e-01 4.274658228e-01
2.700129122e-01 1.010343581e+23 9.713578124e+08 5.489603700e-01 4.510396300e-01
2.709119925e-01 1.142944273e+23 1.095195143e+09 6.027741813e-01 3.972258187e-01
2.718140665e-01 1.095064118e+23 1.045832911e+09 5.851860693e-01 4.148139307e-01
2.727191442e-01 1.017847007e+23 9.688611956e+08 5.512052621e-01 4.487947379e-01
2.736272356e-01 1.136526288e+23 1.078238528e+09 5.991618570e-01 4.008381430e-01
2.745383508e-01 1.062405700e+23 1.004574282e+09 5.784973694e-01 4.215026306e-01
2.754524997e-01 9.805175224e+22 9.240667101e+08 5.448064108e-01 4.551935892e-01
2.763696926e-01 1.106946751e+23 1.039754954e+09 5.941739454e-01 4.058260546e-01
2.772899395e-01 1.088634554e+23 1.019160740e+09 5.842325830e-01 4.157674170e-01
2.782132506e-01 1.095158846e+23 1.021866093e+09 5.877373941e-01 4.122626059e-01
2.791396361e-01 1.028385986e+23 9.563774458e+08 5.671911563e-01 4.328088437e-01
2.800691062e-01 9.873604511e+22 9.151772291e+08 5.443257955e-01 4.556742045e-01
2.810016713e-01 1.109233444e+23 1.024728314e+09 5.923001751e-01 4.076998249e-01
2.819373416e-01 1.138005694e+23 1.047819601e+09 6.021242677e-01 3.978757323e-01
2.828761275e-01 1.147153509e+23 1.052737089e+09 6.075206256e-01 3.924793744e-01
2.838180393e-01 1.106482583e+23 1.012043711e+09 6.018755717e-01 3.981244283e-01
2.847630874e-01 1.110262716e+23 1.012131047e+09 6.026469729e-01 3.973530271e-01
2.857112824e-01 9.712446819e+22 8.824618657e+08 5.442526197e-01 4.557473803e-01
2.866626346e-01 1.071410084e+23 9.702403348e+08 5.841409896e-01 4.158590104e-01
2.876171546e-01 1.029180342e+23 9.289051710e+08 5.680456249e-01 4.319543751e-01
2.885748529e-01 1.158825299e+23 1.042447444e+09 6.172002448e-01 3.827997552e-01
2.895357401e-01 1.024328706e+23 9.183999403e+08 5.678785962e-01 4.321214038e-01
2.904998269e-01 1.156082629e+23 1.033088867e+09 6.161683647e-01 3.838316353e-01
2.914671238e-01 1.189992228e+23 1.059861785e+09 6.264887660e-01 3.735112340e-01
2.924376417e-01 1.166527297e+23 1.035514815e+09 6.199237798e-01 3.800762202e-01
2.934113911e-01 1.069946388e+23 9.466288374e+08 5.856585111e-01 4.143414889e-01
2.943883829e-01 1.162839939e+23 1.025401516e+09 6.173755608e-01 3.826244392e-01
2.953686278e-01 1.205948300e+23 1.059885639e+09 6.370303178e-01 3.629696822e-01
2.963521367e-01 1.234717398e+23 1.081568894e+09 6.451234651e-01 3.548765349e-01
2.973389205e-01 1.141820626e+23 9.968752353e+08 6.161283605e-01 3.838716395e-01
2.983289901e-01 1.100730384e+23 9.578117938e+08 6.025457666e-01 3.974542334e-01
2.993223563e-01 1.245355096e+23 1.080062109e+09 6.497240974e-01 3.502759026e-01
3.003190302e-01 1.191594099e+23 1.030006996e+09 6.354870553e-01 3.645129447e-01
3.013190229e-01 1.187772322e+23 1.023296136e+09 6.350492646e-01 3.649507354e-01
3.023223452e-01 1.286274695e+23 1.104480777e+09 6.621502913e-01 3.378497087e-01
3.033290084e-01 1.271688996e+23 1.088332634e+09 6.576739473e-01 3.423260527e-01
3.043390236e-01 1.219283708e+23 1.040020289e+09 6.431788508e-01 3.568211492e-01
3.053524018e-01 1.281319057e+23 1.089307838e+09 6.606580678e-01 3.393419322e-01
3.063691544e-01 1.190441999e+23 1.008690397e+09 6.348963472e-01 3.651036528e-01
3.073892925e-01 1.125342811e+23 9.503657781e+08 6.146034333e-01 3.853965667e-01
3.084128275e-01 1.199008894e+23 1.009217228e+09 6.399233794e-01 3.600766206e-01
3.094397706e-01 1.071400824e+23 8.988154507e+08 5.980981521e-01 4.019018479e-01
3.104701331e-01 1.290691725e+23 1.079188681e+09 6.664219886e-01 3.335780114e-01
3.115039266e-01 1.190079834e+23 9.917615209e+08 6.384428364e-01 3.615571636e-01
3.125411623e-01 1.182954677e+23 9.825520504e+08 6.375446887e-01 3.624553113e-01
3.135818518e-01 1.228766472e+23 1.017215844e+09 6.513816439e-01 3.486183561e-01
3.146260065e-01 1.168610066e+23 9.642056868e+08 6.332938721e-01 3.667061279e-01
3.156736380e-01 1.281212379e+23 1.053604203e+09 6.662421318e-01 3.337578682e-01
3.167247579e-01 1.260234042e+23 1.032913319e+09 6.622079521e-01 3.377920479e-01
3.177793778e-01 1.317007118e+23 1.075863306e+09 6.760236657e-01 3.239763343e-01
3.188375093e-01 1.196583662e+23 9.742453563e+08 6.350077410e-01 3.649922590e-01
3.198991642e-01 1.303645636e+23 1.057891514e+09 6.749872110e-01 3.250127890e-01
3.209643541e-01 1.224865147e+23 9.906634901e+08 6.530966033e-01 3.469033967e-01
3.220330909e-01 1.294870880e+23 1.043808064e+09 6.728293353e-01 3.271706647e-01
3.231053863e-01 1.176716398e+23 9.454145704e+08 6.411201849e-01 3.588798151e-01
3.241812522e-01 1.309416005e+23 1.048538625e+09 6.776017397e-01 3.223982603e-01
3.252607004e-01 1.270542509e+23 1.014033472e+09 6.676923939e-01 3.323076061e-01
3.263437430e-01 1.313614997e+23 1.044930705e+09 6.788366957e-01 3.211633043e-01
3.274303919e-01 1.300439892e+23 1.031017363e+09 6.761080415e-01 3.238919585e-01
3.285206590e-01 1.367915682e+23 1.080914460e+09 6.922887843e-01 3.077112157e-01
3.296145565e-01 1.322617823e+23 1.041652047e+09 6.816603369e-01 3.183396631e-01
3.307120965e-01 1.197233548e+23 9.397741199e+08 6.485157373e-01 3.514842627e-01
3.318132909e-01 1.281431153e+23 1.002527244e+09 6.720391696e-01 3.279608304e-01
3.329181521e-01 1.333081307e+23 1.039474517e+09 6.853813657e-01 3.146186343e-01
3.340266922e-01 1.296592816e+23 1.007667199e+09 6.770259287e-01 3.229740713e-01
3.351389235e-01 1.297378546e+23 1.004931652e+09 6.777963436e-01 3.222036564e-01
3.362548583e-01 1.171802712e+23 9.046500567e+08 6.434362641e-01 3.565637359e-01
3.373745089e-01 1.187838662e+23 9.139866979e+08 6.487282171e-01 3.512717829e-01
3.384978877e-01 1.202904142e+23 9.225071502e+08 6.527111752e-01 3.472888248e-01
3.396250070e-01 1.321268625e+23 1.009918076e+09 6.832500721e-01 3.167499279e-01
3.407558794e-01 1.312898437e+23 1.000189883e+09 6.807362516e-01 3.192637484e-01
3.418905173e-01 1.298783344e+23 9.861530878e+08 6.786153425e-01 3.213846575e-01
3.430289333e-01 1.408801215e+23 1.066138553e+09 7.063022926e-01 2.936977074e-01
3.441711400e-01 1.218837384e+23 9.193184998e+08 6.590118103e-01 3.409881897e-01
3.453171500e-01 1.279158252e+23 9.616140777e+08 6.749272867e-01 3.250727133e-01
3.464669759e-01 1.305028730e+23 9.778064797e+08 6.819229496e-01 3.180770504e-01
3.476206305e-01 1.291729741e+23 9.646300789e+08 6.785424862e-01 3.214575138e-01
3.487781264e-01 1.456874301e+23 1.084345111e+09 7.152881643e-01 2.847118357e-01
3.499394766e-01 1.308202978e+23 9.704583010e+08 6.824205106e-01 3.175794894e-01
3.511046937e-01 1.298620606e+23 9.601527674e+08 6.795451911e-01 3.204548089e-01
3.522737908e-01 1.340838763e+23 9.880772668e+08 6.902801315e-01 3.097198685e-01
3.534467807e-01 1.332174654e+23 9.784346399e+08 6.867486410e-01 3.132513590e-01
3.546236764e-01 1.385988526e+23 1.014580686e+09 6.996807405e-01 3.003192595e-01
3.558044909e-01 1.284189117e+23 9.369409992e+08 6.743559203e-01 3.256440797e-01
3.569892372e-01 1.302228934e+23 9.469496794e+08 6.812299403e-01 3.187700597e-01
3.581779285e-01 1.186106924e+23 8.596461145e+08 6.509353475e-01 3.490646525e-01
3.593705778e-01 1.340013302e+23 9.679686130e+08 6.895372800e-01 3.104627200e-01
3.605671983e-01 1.361148082e+23 9.799723988e+08 6.962226261e-01 3.037773739e-01
3.617678034e-01 1.455714825e+23 1.044578483e+09 7.137726945e-01 2.862273055e-01
3.629724061e-01 1.433920330e+23 1.025524631e+09 7.100233097e-01 2.899766903e-01
3.641810199e-01 1.459455939e+23 1.040323392e+09 7.125179977e-01 2.874820023e-01
3.653936581e-01 1.468514435e+23 1.043306464e+09 7.414331848e-01 2.585668152e-01
3.666103342e-01 1.430142283e+23 1.012672992e+09 7.084480414e-01 2.915519586e-01
3.678310614e-01 1.350469779e+23 9.530839439e+08 7.015803382e-01 2.984196618e-01
3.690558534e-01 1.416691149e+23 9.965010630e+08 7.176197543e-01 2.823802457e-01
3.702847237e-01 1.462965910e+23 1.025635619e+09 7.183404070e-01 2.816595930e-01
3.715176858e-01 1.557661649e+23 1.088399462e+09 7.346247964e-01 2.653752036e-01
3.727547534e-01 2.082129715e+23 1.450037639e+09 5.592728060e-01 4.407271940e-01
3.739959402e-01 1.799160473e+23 1.248813823e+09 7.616272738e-01 2.383727262e-01
3.752412598e-01 1.299761239e+23 8.991821561e+08 6.512175691e-01 3.487824309e-01
3.764907260e-01 1.651800461e+23 1.138932494e+09 7.403548686e-01 2.596451314e-01
3.777443527e-01 2.006910471e+23 1.379191914e+09 7.624528969e-01 2.375471031e-01
3.790021537e-01 2.211290284e+23 1.514602828e+09 7.933721369e-01 2.066278631e-01
3.802641428e-01 1.739247768e+23 1.187328146e+09 7.069346892e-01 2.930653108e-01
3.815303341e-01 2.342891351e+23 1.594108069e+09 7.977077120e-01 2.022922880e-01
3.828007415e-01 2.042105176e+23 1.384841339e+09 7.835049480e-01 2.164950520e-01
3.840753791e-01 1.845968986e+23 1.247678283e+09 7.210655750e-01 2.789344250e-01
3.853542609e-01 2.603600272e+23 1.753916148e+09 8.099815569e-01 1.900184431e-01
3.866374011e-01 2.752058313e+23 1.847772301e+09 8.042168693e-01 1.957831307e-01
3.879248138e-01 2.109334360e+23 1.411537923e+09 7.792219315e-01 2.207780685e-01
3.892165133e-01 1.581837991e+23 1.055031503e+09 6.451590778e-01 3.548409222e-01
3.905125139e-01 2.211835293e+23 1.470322191e+09 7.819542373e-01 2.180457627e-01
3.918128299e-01 2.645596766e+23 1.752829532e+09 8.128129184e-01 1.871870816e-01
3.931174756e-01 2.416567163e+23 1.595773333e+09 7.993347826e-01 2.006652174e-01
3.944264655e-01 2.520544977e+23 1.658911002e+09 8.056628885e-01 1.943371115e-01
3.957398140e-01 2.443765179e+23 1.603040190e+09 8.131295694e-01 1.868704306e-01
3.970575357e-01 1.091598064e+23 7.136807744e+08 4.959888407e-01 5.040111593e-01
3.983796451e-01 2.475500008e+23 1.613096970e+09 8.124312988e-01 1.875687012e-01
3.997061568e-01 2.638392329e+23 1.713535955e+09 8.103474729e-01 1.896525271e-01
4.010370854e-01 2.825540904e+23 1.828991752e+09 8.203614560e-01 1.796385440e-01
4.023724458e-01 2.924880772e+23 1.887011810e+09 8.246747529e-01 1.753252471e-01
4.037122526e-01 2.818636202e+23 1.812432240e+09 8.222148726e-01 1.777851274e-01
4.050565206e-01 2.888095062e+23 1.850932324e+09 8.254232243e-01 1.745767757e-01
4.064052647e-01 2.904616435e+23 1.855342738e+09 8.259087967e-01 1.740912033e-01
4.077584999e-01 2.527152303e+23 1.608877866e+09 8.062256133e-01 1.937743867e-01
4.091162410e-01 2.688779179e+23 1.706094566e+09 8.253959855e-01 1.746040145e-01
4.104785030e-01 1.872886865e+23 1.184447484e+09 6.641865505e-01 3.358134495e-01
4.118453011e-01 2.740051099e+23 1.727106944e+09 8.336302278e-01 1.663697722e-01
4.132166503e-01 2.519723165e+23 1.582959121e+09 8.074044632e-01 1.925955368e-01
4.145925658e-01 2.925461574e+23 1.831755783e+09 8.309569348e-01 1.690430652e-01
4.159730627e-01 2.883913337e+23 1.799747924e+09 8.287885105e-01 1.712114895e-01
4.173581564e-01 2.621599628e+23 1.630617673e+09 8.116131070e-01 1.883868930e-01
4.187478622e-01 2.984642737e+23 1.850267132e+09 8.342777309e-01 1.657222691e-01
4.201421953e-01 2.872762167e+23 1.774998768e+09 8.278383087e-01 1.721616913e-01
4.215411712e-01 2.863126924e+23 1.763174462e+09 8.279117041e-01 1.720882959e-01
4.229448054e-01 2.903351427e+23 1.782011880e+09 8.315093867e-01 1.684906133e-01
4.243531134e-01 3.021617500e+23 1.848446043e+09 8.384694384e-01 1.615305616e-01
4.257661107e-01 3.103306781e+23 1.892118377e+09 8.440383281e-01 1.559616719e-01
4.271838129e-01 2.903400232e+23 1.764358374e+09 8.342449696e-01 1.657550304e-01
4.286062358e-01 2.899652435e+23 1.756233038e+09 8.341604285e-01 1.658395715e-01
4.300333950e-01 2.558209621e+23 1.544289180e+09 8.140823433e-01 1.859176567e-01
4.314653064e-01 2.638875081e+23 1.587697041e+09 8.239887240e-01 1.760112760e-01
4.329019856e-01 2.674408098e+23 1.603735654e+09 8.326040693e-01 1.673959307e-01
4.343434487e-01 2.195025074e+23 1.311900489e+09 6.539268966e-01 3.460731034e-01
4.357897115e-01 2.796637432e+23 1.665918983e+09 8.344071974e-01 1.655928026e-01
4.372407900e-01 3.038036926e+23 1.803711448e+09 8.441669449e-01 1.558330551e-01
4.386967003e-01 3.012708928e+23 1.782737871e+09 8.414608042e-01 1.585391958e-01
4.401574584e-01 2.691016985e+23 1.587095489e+09 8.235630738e-01 1.764369262e-01
4.416230805e-01 2.791752854e+23 1.641042730e+09 8.295951523e-01 1.704048477e-01
4.430935828e-01 3.055731324e+23 1.790252915e+09 8.437865499e-01 1.562134501e-01
4.445689815e-01 2.913795984e+23 1.701432273e+09 8.359683943e-01 1.640316057e-01
4.460492930e-01 3.033864432e+23 1.765663742e+09 8.435629602e-01 1.564370398e-01
4.475345335e-01 3.227912518e+23 1.872362295e+09 8.453060424e-01 1.546939576e-01
4.490247196e-01 2.816204750e+23 1.628128431e+09 8.292040877e-01 1.707959123e-01
4.505198676e-01 3.341213702e+23 1.925240502e+09 8.548637199e-01 1.451362801e-01
4.520199941e-01 3.232786705e+23 1.856581804e+09 8.511590584e-01 1.488409416e-01
4.535251157e-01 2.789135764e+23 1.596478210e+09 8.293044262e-01 1.706955738e-01
4.550352490e-01 2.718752112e+23 1.551026632e+09 8.248077066e-01 1.751922934e-01
4.565504107e-01 2.968445696e+23 1.687854688e+09 8.377372000e-01 1.622628000e-01
4.580706175e-01 3.062441841e+23 1.735521899e+09 8.436152327e-01 1.563847673e-01
4.595958863e-01 3.185842482e+23 1.799462705e+09 8.502066084e-01 1.497933916e-01
4.611262339e-01 3.281911355e+23 1.847573395e+09 8.541771305e-01 1.458228695e-01
4.626616771e-01 3.259808381e+23 1.829040103e+09 8.536549610e-01 1.463450390e-01
4.642022331e-01 3.237441183e+23 1.810461715e+09 8.520706414e-01 1.479293586e-01
4.657479187e-01 3.176777870e+23 1.770641380e+09 8.491181182e-01 1.508818818e-01
4.672987511e-01 3.318375982e+23 1.843425771e+09 8.551529357e-01 1.448470643e-01
4.688547474e-01 3.211110041e+23 1.777917294e+09 8.508400560e-01 1.491599440e-01
4.704159248e-01 3.039490456e+23 1.677310449e+09 8.446449640e-01 1.553550360e-01
4.719823006e-01 3.248044972e+23 1.786450572e+09 8.545703814e-01 1.454296186e-01
4.735538920e-01 2.926902121e+23 1.604476914e+09 8.381554145e-01 1.618445855e-01
4.751307165e-01 2.946084834e+23 1.609632841e+09 8.392417551e-01 1.607582449e-01
4.767127914e-01 3.048308243e+23 1.659956697e+09 8.446366651e-01 1.553633349e-01
4.783001343e-01 3.118414349e+23 1.692497364e+09 8.485000990e-01 1.514999010e-01
4.798927626e-01 3.295355506e+23 1.782595299e+09 8.574183116e-01 1.425816884e-01
4.814906941e-01 3.264092420e+23 1.759823986e+09 8.565893300e-01 1.434106700e-01
4.830939463e-01 3.230052015e+23 1.735691771e+09 8.565988982e-01 1.434011018e-01
4.847025369e-01 2.877951238e+23 1.541355520e+09 8.460566155e-01 1.539433845e-01
4.863164838e-01 2.173255267e+23 1.160075979e+09 5.276573107e-01 4.723426893e-01
4.879358047e-01 3.070885825e+23 1.633787863e+09 8.425310642e-01 1.574689358e-01
4.895605176e-01 3.303654907e+23 1.751793755e+09 8.607137782e-01 1.392862218e-01
4.911906404e-01 2.987629907e+23 1.578960985e+09 8.446936219e-01 1.553063781e-01
4.928261912e-01 3.325846720e+23 1.751875073e+09 8.595511836e-01 1.404488164e-01
4.944671879e-01 2.946743125e+23 1.547032669e+09 8.426208737e-01 1.573791263e-01
4.961136488e-01 3.520701622e+23 1.842225242e+09 8.228943841e-01 1.771056159e-01
4.977655921e-01 3.325921892e+23 1.734530164e+09 8.568888173e-01 1.431111827e-01
4.994230359e-01 3.243318771e+23 1.685837651e+09 8.611403820e-01 1.388596180e-01
5.010859986e-01 3.505748317e+23 1.816197820e+09 7.581726251e-01 2.418273749e-01
5.027544986e-01 3.276453785e+23 1.691775631e+09 8.536324102e-01 1.463675898e-01
5.044285543e-01 3.302777575e+23 1.699708116e+09 8.637230500e-01 1.362769500e-01
5.061081842e-01 3.364840193e+23 1.725900547e+09 8.655061900e-01 1.344938100e-01
5.077934069e-01 3.146684242e+23 1.608647140e+09 8.563277902e-01 1.436722098e-01
5.094842410e-01 3.305242046e+23 1.684097368e+09 8.638817308e-01 1.361182692e-01
5.111807052e-01 2.961008587e+23 1.503695492e+09 8.486285782e-01 1.513714218e-01
5.128828182e-01 2.968943001e+23 1.502721131e+09 8.506689336e-01 1.493310664e-01
5.145905989e-01 3.314693783e+23 1.672153914e+09 8.672462238e-01 1.327537762e-01
5.163040661e-01 2.973827680e+23 1.495219451e+09 8.532748557e-01 1.467251443e-01
5.180232387e-01 3.227294796e+23 1.617275765e+09 8.649484225e-01 1.350515775e-01
5.197481358e-01 3.034408628e+23 1.515569330e+09 8.531508255e-01 1.468491745e-01
5.214787764e-01 3.319552711e+23 1.652485339e+09 8.665925845e-01 1.334074155e-01
5.232151796e-01 3.370245033e+23 1.672152281e+09 8.674183803e-01 1.325816197e-01
5.249573646e-01 3.271869167e+23 1.617955527e+09 8.630328488e-01 1.369671512e-01
5.267053507e-01 2.776097872e+23 1.368238248e+09 8.404165004e-01 1.595834996e-01
5.284591572e-01 3.080648881e+23 1.513301484e+09 8.540641461e-01 1.459358539e-01
5.302188034e-01 3.372222032e+23 1.651032871e+09 8.648563620e-01 1.351436380e-01
5.319843089e-01 3.343566596e+23 1.631570479e+09 8.651844412e-01 1.348155588e-01
5.337556931e-01 3.412502722e+23 1.659683093e+09 8.679517310e-01 1.320482690e-01
5.355329756e-01 3.345185880e+23 1.621543937e+09 8.640288368e-01 1.359711632e-01
5.373161760e-01 2.647524498e+23 1.279100757e+09 8.282593381e-01 1.717406619e-01
5.391053141e-01 3.189478681e+23 1.535821612e+09 8.584113829e-01 1.415886171e-01
5.409004096e-01 3.144164848e+23 1.508977212e+09 8.568611453e-01 1.431388547e-01
5.427014823e-01 3.471586690e+23 1.660587217e+09 8.703668736e-01 1.296331264e-01
5.445085522e-01 3.624974265e+23 1.728203603e+09 8.757626423e-01 1.242373577e-01
5.463216392e-01 3.471894459e+23 1.649729710e+09 8.708236850e-01 1.291763150e-01
5.481407634e-01 3.484765339e+23 1.650350244e+09 8.715619060e-01 1.284380940e-01
5.499659448e-01 3.332207972e+23 1.572863322e+09 8.659531492e-01 1.340468508e-01
5.517972037e-01 3.329346679e+23 1.566297332e+09 8.644191969e-01 1.355808031e-01
5.536345602e-01 3.352592124e+23 1.571998804e+09 8.641436928e-01 1.358563072e-01
5.554780347e-01 3.456196686e+23 1.615199765e+09 8.682495654e-01 1.317504346e-01
5.573276475e-01 3.448648786e+23 1.606323687e+09 8.682691188e-01 1.317308812e-01
5.591834191e-01 3.335389308e+23 1.548413434e+09 8.641164090e-01 1.358835910e-01
5.610453701e-01 3.604734308e+23 1.667899817e+09 8.742859346e-01 1.257140654e-01
5.629135208e-01 3.372318030e+23 1.555183099e+09 8.657872999e-01 1.342127001e-01
5.647878921e-01 3.459162400e+23 1.589938250e+09 8.690422263e-01 1.309577737e-01
5.666685046e-01 3.480592147e+23 1.594478782e+09 8.698617813e-01 1.301382187e-01
5.685553791e-01 3.463656254e+23 1.581454478e+09 8.682860144e-01 1.317139856e-01
5.704485365e-01 3.420190571e+23 1.556426150e+09 8.667709707e-01 1.332290293e-01
5.723479976e-01 3.657509062e+23 1.658898929e+09 8.738327100e-01 1.261672900e-01
5.742537835e-01 3.647580655e+23 1.648905331e+09 8.732631027e-01 1.267368973e-01
5.761659152e-01 3.384409531e+23 1.524860204e+09 8.639658722e-01 1.360341278e-01
5.780844139e-01 3.719006333e+23 1.670053336e+09 8.769231403e-01 1.230768597e-01
5.800093008e-01 3.519032397e+23 1.575008823e+09 8.692235386e-01 1.307764614e-01
5.819405970e-01 3.697246896e+23 1.649280338e+09 8.738577091e-01 1.261422909e-01
5.838783240e-01 3.754337024e+23 1.669189281e+09 8.758599617e-01 1.241400383e-01
5.858225032e-01 3.500700036e+23 1.551256208e+09 8.686089609e-01 1.313910391e-01
5.877731561e-01 3.653084610e+23 1.613409713e+09 8.602598868e-01 1.397401132e-01
5.897303042e-01 3.083130208e+23 1.357166418e+09 8.476731290e-01 1.523268710e-01
5.916939692e-01 3.523576742e+23 1.545899567e+09 8.708779465e-01 1.291220535e-01
5.936641727e-01 3.472925350e+23 1.518620618e+09 8.679111936e-01 1.320888064e-01
5.956409365e-01 3.642791235e+23 1.587612204e+09 8.732691959e-01 1.267308041e-01
5.976242824e-01 3.652981454e+23 1.586769762e+09 8.735787080e-01 1.264212920e-01
5.996142325e-01 3.701616050e+23 1.602559343e+09 8.759193412e-01 1.240806588e-01
6.016108086e-01 3.706289376e+23 1.599257434e+09 8.753782443e-01 1.246217557e-01
6.036140329e-01 3.744925637e+23 1.610566102e+09 8.751346886e-01 1.248653114e-01
6.056239274e-01 3.776159231e+23 1.618609025e+09 8.750883331e-01 1.249116669e-01
6.076405144e-01 3.885722285e+23 1.660044458e+09 8.792422811e-01 1.207577189e-01
6.096638162e-01 3.854322544e+23 1.641165273e+09 8.792573250e-01 1.207426750e-01
6.116938551e-01 3.888185074e+23 1.650089477e+09 8.817660086e-01 1.182339914e-01
6.137306536e-01 3.490320014e+23 1.476325482e+09 8.691881649e-01 1.308118351e-01
6.157742341e-01 3.574661459e+23 1.506982083e+09 8.734749591e-01 1.265250409e-01
6.178246193e-01 3.660235775e+23 1.537936963e+09 8.761632305e-01 1.238367695e-01
6.198818318e-01 3.718851492e+23 1.557380066e+09 8.777558823e-01 1.222441177e-01
6.219458943e-01 3.683772316e+23 1.537569863e+09 8.779569348e-01 1.220430652e-01
6.240168297e-01 3.423969147e+23 1.424387729e+09 8.705708814e-01 1.294291186e-01
6.260946608e-01 3.537040274e+23 1.466542619e+09 8.737203222e-01 1.262796778e-01
6.281794106e-01 3.554929398e+23 1.469068227e+09 8.720368252e-01 1.279631748e-01
6.302711022e-01 3.543289849e+23 1.459398745e+09 8.661892998e-01 1.338107002e-01
6.323697585e-01 3.641737827e+23 1.494969279e+09 8.718305706e-01 1.281694294e-01
6.344754030e-01 3.352986367e+23 1.371865963e+09 8.637411377e-01 1.362588623e-01
6.365880587e-01 3.586085036e+23 1.462368352e+09 8.714148201e-01 1.285851799e-01
6.387077491e-01 3.747559590e+23 1.523144287e+09 8.764914274e-01 1.235085726e-01
6.408344975e-01 3.850185002e+23 1.559661669e+09 8.800780645e-01 1.199219355e-01
6.429683276e-01 3.905014710e+23 1.576622709e+09 8.816136815e-01 1.183863185e-01
6.451092628e-01 3.757697658e+23 1.512109493e+09 8.766374033e-01 1.233625967e-01
6.472573268e-01 3.801132423e+23 1.524511512e+09 8.785132013e-01 1.214867987e-01
6.494125433e-01 3.833323710e+23 1.532320128e+09 8.794376842e-01 1.205623158e-01
6.515749363e-01 3.893189659e+23 1.551085988e+09 8.805014472e-01 1.194985528e-01
6.537445295e-01 4.027331583e+23 1.599204503e+09 8.596943114e-01 1.403056886e-01
6.559213469e-01 4.859186275e+23 1.923120363e+09 6.041384550e-01 3.958615450e-01
6.581054127e-01 5.139911264e+23 2.027471893e+09 6.341527045e-01 3.658472955e-01
6.602967509e-01 4.078535258e+23 1.603465959e+09 8.542165719e-01 1.457834281e-01
6.624953857e-01 3.950073140e+23 1.547807558e+09 8.804458798e-01 1.195541202e-01
6.647013414e-01 3.808210846e+23 1.487267590e+09 8.762608663e-01 1.237391337e-01
6.669146425e-01 3.740238576e+23 1.455873819e+09 8.696446833e-01 1.303553167e-01
6.691353134e-01 3.844561813e+23 1.491514849e+09 8.766811711e-01 1.233188289e-01
6.713633786e-01 4.037352273e+23 1.561110629e+09 8.148045911e-01 1.851954089e-01
6.735988627e-01 3.974613021e+23 1.531751060e+09 8.421854661e-01 1.578145339e-01
6.758417905e-01 3.815795356e+23 1.465664997e+09 8.807557382e-01 1.192442618e-01
6.780921866e-01 3.930179297e+23 1.504590471e+09 8.846415153e-01 1.153584847e-01
6.803500761e-01 3.799524362e+23 1.449744532e+09 8.801401084e-01 1.198598916e-01
6.826154839e-01 3.927805671e+23 1.493717748e+09 8.829593444e-01 1.170406556e-01
6.848884349e-01 3.898995586e+23 1.477840603e+09 8.816476927e-01 1.183523073e-01
6.871689543e-01 3.958785312e+23 1.495523025e+09 8.820875409e-01 1.179124591e-01
6.894570673e-01 4.022395733e+23 1.514510370e+09 8.822333051e-01 1.177666949e-01
6.917527992e-01 4.033785209e+23 1.513758266e+09 8.821282325e-01 1.178717675e-01
6.940561754e-01 4.021109089e+23 1.503993351e+09 8.815001346e-01 1.184998654e-01
6.963672212e-01 4.099998287e+23 1.528410592e+09 8.824902181e-01 1.175097819e-01
6.986859624e-01 4.228353263e+23 1.571028016e+09 8.853192177e-01 1.146807823e-01
7.010124243e-01 3.950237218e+23 1.462824229e+09 8.766478442e-01 1.233521558e-01
7.033466329e-01 4.078803733e+23 1.505421378e+09 8.788048510e-01 1.211951490e-01
7.056886138e-01 3.806357927e+23 1.400203625e+09 8.667664312e-01 1.332335688e-01
7.080383930e-01 4.025460820e+23 1.475888266e+09 8.789100637e-01 1.210899363e-01
7.103959964e-01 3.796368555e+23 1.387274955e+09 8.804993856e-01 1.195006144e-01
7.127614501e-01 3.685498355e+23 1.342291075e+09 8.688684925e-01 1.311315075e-01
7.151347802e-01 3.749321581e+23 1.361004230e+09 8.728620142e-01 1.271379858e-01
7.175160129e-01 3.912547280e+23 1.415541755e+09 8.861111805e-01 1.138888195e-01
7.199051746e-01 3.546912490e+23 1.278997990e+09 8.731288370e-01 1.268711630e-01
7.223022916e-01 3.723949207e+23 1.338380005e+09 8.764103642e-01 1.235896358e-01
7.247073905e-01 3.676285561e+23 1.316864930e+09 8.716986123e-01 1.283013877e-01
7.271204977e-01 4.149698038e+23 1.481510696e+09 8.836325078e-01 1.163674922e-01
7.295416401e-01 3.851964715e+23 1.370651036e+09 8.728268856e-01 1.271731144e-01
7.319708443e-01 4.148468199e+23 1.471257420e+09 8.784315066e-01 1.215684934e-01
7.344081372e-01 4.423922496e+23 1.563740604e+09 8.839076209e-01 1.160923791e-01
7.368535458e-01 4.407560006e+23 1.552786475e+09 8.830058422e-01 1.169941578e-01
7.393070969e-01 4.380254767e+23 1.538045486e+09 8.809456122e-01 1.190543878e-01
7.417688179e-01 4.170455505e+23 1.459518496e+09 8.738318407e-01 1.261681593e-01
7.442387357e-01 4.298028823e+23 1.499172949e+09 8.760209511e-01 1.239790489e-01
7.467168779e-01 4.663456947e+23 1.621237676e+09 8.846085253e-01 1.153914747e-01
7.492032716e-01 4.490792477e+23 1.556030140e+09 8.788214894e-01 1.211785106e-01
7.516979445e-01 4.755915424e+23 1.642424610e+09 8.834640827e-01 1.165359173e-01
7.542009241e-01 4.806172503e+23 1.654272224e+09 8.829242750e-01 1.170757250e-01
7.567122380e-01 4.702856257e+23 1.613338994e+09 8.799198166e-01 1.200801834e-01
7.592319140e-01 4.316617709e+23 1.475923394e+09 8.696014538e-01 1.303985462e-01
7.617599799e-01 4.412917690e+23 1.503842513e+09 8.740888416e-01 1.259111584e-01
7.642964638e-01 4.475058630e+23 1.519957914e+09 8.788282968e-01 1.211717032e-01
7.668413935e-01 4.355076790e+23 1.474296902e+09 8.781714815e-01 1.218285185e-01
7.693947972e-01 4.131530151e+23 1.393979429e+09 8.726945380e-01 1.273054620e-01
7.719567032e-01 4.392584603e+23 1.477140739e+09 8.805840747e-01 1.194159253e-01
7.745271397e-01 4.171820013e+23 1.398246068e+09 8.712860350e-01 1.287139650e-01
7.771061352e-01 4.422125309e+23 1.477220721e+09 8.764753413e-01 1.235246587e-01
7.796937181e-01 4.416001418e+23 1.470279333e+09 8.776348005e-01 1.223651995e-01
7.822899171e-01 4.392819737e+23 1.457707314e+09 8.775295159e-01 1.224704841e-01
7.848947608e-01 4.517073454e+23 1.493964942e+09 8.814491896e-01 1.185508104e-01
7.875082781e-01 4.282546819e+23 1.411697597e+09 8.751029525e-01 1.248970475e-01
7.901304978e-01 4.504010010e+23 1.479773363e+09 8.821307805e-01 1.178692195e-01
7.927614488e-01 4.480496563e+23 1.467162809e+09 8.807887787e-01 1.192112213e-01
7.954011603e-01 4.424938945e+23 1.444161444e+09 8.768946116e-01 1.231053884e-01
7.980496614e-01 4.415419885e+23 1.436272268e+09 8.739741654e-01 1.260258346e-01
8.007069815e-01 4.720329224e+23 1.530359129e+09 8.797209777e-01 1.202790223e-01
8.033731497e-01 4.821857809e+23 1.558087238e+09 8.807212178e-01 1.192787822e-01
8.060481957e-01 4.829270666e+23 1.555303755e+09 8.802440282e-01 1.197559718e-01
8.087321490e-01 4.486641817e+23 1.440162094e+09 8.709480650e-01 1.290519350e-01
8.114250392e-01 4.754301197e+23 1.521013156e+09 8.766725235e-01 1.233274765e-01
8.141268961e-01 5.026911152e+23 1.602890262e+09 8.806399290e-01 1.193600710e-01
8.168377496e-01 4.976499482e+23 1.581549709e+09 8.778941782e-01 1.221058218e-01
8.195576296e-01 4.957616907e+23 1.570319957e+09 8.781706290e-01 1.218293710e-01
8.222865662e-01 4.434227085e+23 1.399875519e+09 8.649736957e-01 1.350263043e-01
8.250245895e-01 4.747609871e+23 1.493835635e+09 8.727246737e-01 1.272753263e-01
8.277717297e-01 4.782671482e+23 1.499873542e+09 8.733874646e-01 1.266125354e-01
8.305280173e-01 4.706564011e+23 1.471107351e+09 8.703652324e-01 1.296347676e-01
8.332934827e-01 4.875411223e+23 1.518825749e+09 8.725768672e-01 1.274231328e-01
8.360681565e-01 4.645771300e+23 1.442483412e+09 8.692694997e-01 1.307305003e-01
8.388520693e-01 4.727627091e+23 1.463027590e+09 8.721818162e-01 1.278181838e-01
8.416452518e-01 4.798083595e+23 1.479903565e+09 8.757640040e-01 1.242359960e-01
8.444477350e-01 4.688597529e+23 1.441334768e+09 8.789791460e-01 1.210208540e-01
8.472595499e-01 4.661774435e+23 1.428332989e+09 8.817110357e-01 1.182889643e-01
8.500807274e-01 3.158425215e+23 9.645063953e+08 8.269253912e-01 1.730746088e-01
8.529112988e-01 4.472250317e+23 1.361184263e+09 8.786440371e-01 1.213559629e-01
8.557512953e-01 4.650853606e+23 1.410846575e+09 8.810513885e-01 1.189486115e-01
8.586007483e-01 4.930018100e+23 1.490568485e+09 8.782387793e-01 1.217612207e-01
8.614596894e-01 4.657997945e+23 1.403650602e+09 8.678065767e-01 1.321934233e-01
8.643281501e-01 5.101632803e+23 1.532234450e+09 8.809519570e-01 1.190480430e-01
8.672061621e-01 4.864197353e+23 1.456074230e+09 8.772314317e-01 1.227685683e-01
8.700937572e-01 4.976091654e+23 1.484625795e+09 8.747200689e-01 1.252799311e-01
8.729909673e-01 5.309631052e+23 1.578880562e+09 8.753831750e-01 1.246168250e-01
8.758978245e-01 4.997214668e+23 1.481048369e+09 8.650637121e-01 1.349362879e-01
8.788143608e-01 5.570612784e+23 1.645509940e+09 8.796470085e-01 1.203529915e-01
8.817406085e-01 5.646373951e+23 1.662353869e+09 8.807542880e-01 1.192457120e-01
8.846766000e-01 5.615793521e+23 1.647863654e+09 8.773791207e-01 1.226208793e-01
8.876223676e-01 4.919675503e+23 1.438808199e+09 8.570669095e-01 1.429330905e-01
8.905779439e-01 5.236864239e+23 1.526490352e+09 8.669580530e-01 1.330419470e-01
8.935433616e-01 5.131660873e+23 1.490860469e+09 8.639571569e-01 1.360428431e-01
8.965186535e-01 5.261469789e+23 1.523499916e+09 8.672205253e-01 1.327794747e-01
8.995038523e-01 5.242645097e+23 1.513011103e+09 8.649419853e-01 1.350580147e-01
9.024989913e-01 5.109477759e+23 1.469685710e+09 8.586325077e-01 1.413674923e-01
9.055041033e-01 5.511503076e+23 1.580062679e+09 8.533015063e-01 1.466984937e-01
9.085192216e-01 5.957723546e+23 1.702318859e+09 8.384794377e-01 1.615205623e-01
9.115443796e-01 5.480256145e+23 1.560693867e+09 8.684169247e-01 1.315830753e-01
9.145796107e-01 5.536911040e+23 1.571595275e+09 8.673921456e-01 1.326078544e-01
9.176249484e-01 5.086844993e+23 1.439056929e+09 8.562290257e-01 1.437709743e-01
9.206804263e-01 5.390839822e+23 1.519995147e+09 8.639429773e-01 1.360570227e-01
9.237460783e-01 5.272941633e+23 1.481818594e+09 8.610181913e-01 1.389818087e-01
9.268219382e-01 5.576198760e+23 1.561840298e+09 8.745448645e-01 1.254551355e-01
9.299080400e-01 5.118256144e+23 1.428817292e+09 8.624201421e-01 1.375798579e-01
9.330044178e-01 5.273297327e+23 1.467213258e+09 8.653195372e-01 1.346804628e-01
9.361111058e-01 5.328413128e+23 1.477628216e+09 8.670376836e-01 1.329623164e-01
9.392281384e-01 5.523319141e+23 1.526594616e+09 8.715112244e-01 1.284887756e-01
9.423555499e-01 5.495839536e+23 1.513958376e+09 8.703922254e-01 1.296077746e-01
9.454933751e-01 5.477929634e+23 1.504016646e+09 8.678810185e-01 1.321189815e-01
9.486416484e-01 5.803612789e+23 1.588147828e+09 8.730461326e-01 1.269538674e-01
9.518004047e-01 5.847726165e+23 1.594908696e+09 8.505115365e-01 1.494884635e-01
9.549696790e-01 5.326746553e+23 1.447995241e+09 7.513878147e-01 2.486121853e-01
9.581495063e-01 5.741197544e+23 1.555478075e+09 8.718711195e-01 1.281288805e-01
9.613399216e-01 6.051638170e+23 1.634145264e+09 8.762467382e-01 1.237532618e-01
9.645409602e-01 5.998165549e+23 1.614330517e+09 8.755460846e-01 1.244539154e-01
9.677526576e-01 5.376858932e+23 1.442311125e+09 8.608523978e-01 1.391476022e-01
9.709750492e-01 5.917842111e+23 1.582158495e+09 8.724461062e-01 1.275538938e-01
9.742081706e-01 5.597034171e+23 1.491423131e+09 8.655055055e-01 1.344944945e-01
9.774520575e-01 5.669361626e+23 1.505682415e+09 8.667869661e-01 1.332130339e-01
9.807067459e-01 5.982445986e+23 1.583559213e+09 8.726633207e-01 1.273366793e-01
9.839722716e-01 5.995686510e+23 1.581796975e+09 8.712190513e-01 1.287809487e-01
9.872486707e-01 6.116614405e+23 1.608345059e+09 8.727864049e-01 1.272135951e-01
9.905359795e-01 5.860620449e+23 1.535917981e+09 8.674079419e-01 1.325920581e-01
9.938342342e-01 5.999825139e+23 1.567181601e+09 8.702634988e-01 1.297365012e-01
9.971434714e-01 6.151279583e+23 1.601409868e+09 8.730032543e-01 1.269967457e-01
1.000463728e+00 5.919721835e+23 1.536012097e+09 8.682849295e-01 1.317150705e-01
1.003795039e+00 5.787680449e+23 1.496766944e+09 8.610476259e-01 1.389523741e-01
1.007137444e+00 6.117195730e+23 1.576733583e+09 8.583166356e-01 1.416833644e-01
1.010490978e+00 6.097630934e+23 1.566474675e+09 8.730810345e-01 1.269189655e-01
1.013855678e+00 6.103338455e+23 1.562737379e+09 8.719554325e-01 1.280445675e-01
1.017231582e+00 6.161401008e+23 1.572368460e+09 8.735660251e-01 1.264339749e-01
1.020618727e+00 6.050828034e+23 1.539026016e+09 8.709811519e-01 1.290188481e-01
1.024017150e+00 6.346448117e+23 1.608859753e+09 8.764386674e-01 1.235613326e-01
1.027426889e+00 6.324726717e+23 1.598032182e+09 8.753131111e-01 1.246868889e-01
1.030847982e+00 6.393202815e+23 1.609972806e+09 8.755246250e-01 1.244753750e-01
1.034280466e+00 6.121661403e+23 1.536475592e+09 8.703687335e-01 1.296312665e-01
1.037724380e+00 6.486258033e+23 1.622582864e+09 8.796218495e-01 1.203781505e-01
1.041179761e+00 6.465287917e+23 1.611969558e+09 8.790348754e-01 1.209651246e-01
1.044646648e+00 6.530931179e+23 1.622932196e+09 8.798873920e-01 1.201126080e-01
1.048125079e+00 6.459696482e+23 1.599903113e+09 8.783136446e-01 1.216863554e-01
1.051615092e+00 6.439113409e+23 1.589512500e+09 8.773934760e-01 1.226065240e-01
1.055116726e+00 6.598896982e+23 1.623549464e+09 8.805171728e-01 1.194828272e-01
1.058630020e+00 6.315331470e+23 1.548626293e+09 8.754032475e-01 1.245967525e-01
1.062155012e+00 6.528169883e+23 1.595505217e+09 8.792160601e-01 1.207839399e-01
1.065691741e+00 6.630065398e+23 1.615031122e+09 8.796078235e-01 1.203921765e-01
1.069240247e+00 6.157594187e+23 1.494963019e+09 8.642493357e-01 1.357506643e-01
1.072800569e+00 6.238617256e+23 1.509607451e+09 8.743661139e-01 1.256338861e-01
1.076372746e+00 6.691615159e+23 1.613849185e+09 8.829261244e-01 1.170738756e-01
1.079956817e+00 6.666215079e+23 1.602387746e+09 8.764063213e-01 1.235936787e-01
1.083552822e+00 6.757054155e+23 1.618832802e+09 8.394595755e-01 1.605404245e-01
1.087160801e+00 5.884587102e+23 1.405131255e+09 8.666578982e-01 1.333421018e-01
1.090780794e+00 6.518017810e+23 1.551217672e+09 8.733586820e-01 1.266413180e-01
1.094412841e+00 6.234271566e+23 1.478765194e+09 8.420959783e-01 1.579040217e-01
1.098056982e+00 6.243193905e+23 1.475966940e+09 8.738137411e-01 1.261862589e-01
1.101713256e+00 6.195971908e+23 1.459941818e+09 8.717055659e-01 1.282944341e-01
1.105381706e+00 6.376613592e+23 1.497519587e+09 8.750161363e-01 1.249838637e-01
1.109062370e+00 6.315356275e+23 1.478211476e+09 8.738806115e-01 1.261193885e-01
1.112755290e+00 6.454863327e+23 1.505851227e+09 8.766545183e-01 1.233454817e-01
1.116460507e+00 6.414047650e+23 1.491363468e+09 8.760927984e-01 1.239072016e-01
1.120178061e+00 6.398450757e+23 1.482799575e+09 8.757211054e-01 1.242788946e-01
1.123907994e+00 6.657761593e+23 1.537772758e+09 8.806317006e-01 1.193682994e-01
1.127650346e+00 6.601755521e+23 1.519776285e+09 8.803144678e-01 1.196855322e-01
1.131405160e+00 6.449652545e+23 1.479833476e+09 8.773157999e-01 1.226842001e-01
1.135172476e+00 6.534915178e+23 1.494420395e+09 8.790479914e-01 1.209520086e-01
1.138952337e+00 6.579193172e+23 1.499552832e+09 8.800311039e-01 1.199688961e-01
1.142744784e+00 6.579204106e+23 1.494578724e+09 8.797609717e-01 1.202390283e-01
1.146549859e+00 6.819645094e+23 1.544057654e+09 8.820362761e-01 1.179637239e-01
1.150367603e+00 6.720230589e+23 1.516499307e+09 8.805372890e-01 1.194627110e-01
1.154198060e+00 6.812531364e+23 1.532226109e+09 8.823882321e-01 1.176117679e-01
1.158041272e+00 6.820903065e+23 1.529017738e+09 8.833468273e-01 1.166531727e-01
1.161897280e+00 6.796218567e+23 1.518428288e+09 8.835928909e-01 1.164071091e-01
1.165766128e+00 6.860108526e+23 1.527616137e+09 8.844468424e-01 1.155531576e-01
1.169647859e+00 6.679810803e+23 1.482530768e+09 8.804185723e-01 1.195814277e-01
1.173542514e+00 6.998809932e+23 1.548175019e+09 8.852966435e-01 1.147033565e-01
1.177450138e+00 6.705698432e+23 1.478414376e+09 8.811588743e-01 1.188411257e-01
1.181370774e+00 6.985328129e+23 1.534953674e+09 8.861436926e-01 1.138563074e-01
1.185304464e+00 7.040949384e+23 1.542041230e+09 8.871730853e-01 1.128269147e-01
1.189251253e+00 6.788253629e+23 1.481764298e+09 8.805422733e-01 1.194577267e-01
1.193211183e+00 7.062455389e+23 1.536501845e+09 8.865160304e-01 1.134839696e-01
1.197184299e+00 6.807751208e+23 1.476173304e+09 8.835686779e-01 1.164313221e-01
1.201170645e+00 7.000052443e+23 1.512833968e+09 8.863657413e-01 1.136342587e-01
1.205170264e+00 7.099274277e+23 1.529185711e+09 8.872142223e-01 1.127857777e-01
1.209183201e+00 7.052250944e+23 1.514015552e+09 8.866495135e-01 1.133504865e-01
1.213209501e+00 7.124180761e+23 1.524381998e+09 8.872107746e-01 1.127892254e-01
1.217249206e+00 7.134755134e+23 1.521578126e+09 8.867781828e-01 1.132218172e-01
1.221302364e+00 7.142306692e+23 1.518133560e+09 8.867849175e-01 1.132150825e-01
1.225369017e+00 7.148194985e+23 1.514342737e+09 8.870888090e-01 1.129111910e-01
1.229449211e+00 7.204459736e+23 1.521197173e+09 8.880845839e-01 1.119154161e-01
1.233542991e+00 7.167793568e+23 1.508432506e+09 8.875690330e-01 1.124309670e-01
1.237650403e+00 7.277437725e+23 1.526424028e+09 8.888569817e-01 1.111430183e-01
1.241771491e+00 7.197675604e+23 1.504683878e+09 8.877341366e-01 1.122658634e-01
1.245906302e+00 7.233192832e+23 1.507090542e+09 8.881354989e-01 1.118645011e-01
1.250054881e+00 7.244025894e+23 1.504338594e+09 8.883449096e-01 1.116550904e-01
1.254217273e+00 7.291043524e+23 1.509077684e+09 8.883099887e-01 1.116900113e-01
1.258393525e+00 7.269399554e+23 1.499604547e+09 8.850741288e-01 1.149258712e-01
1.262583683e+00 7.336697518e+23 1.508464608e+09 8.895600974e-01 1.104399026e-01
1.266787794e+00 7.352743503e+23 1.506746633e+09 8.901402892e-01 1.098597108e-01
1.271005903e+00 7.304704291e+23 1.491934496e+09 8.889910265e-01 1.110089735e-01
1.275238057e+00 7.302940677e+23 1.486624177e+09 8.880419330e-01 1.119580670e-01
1.279484304e+00 7.376635454e+23 1.496642393e+09 8.837057585e-01 1.162942415e-01
1.283744690e+00 7.761186853e+23 1.569437997e+09 8.238879075e-01 1.761120925e-01
1.288019261e+00 7.327388242e+23 1.476799475e+09 8.897534551e-01 1.102465449e-01
1.292308066e+00 7.319780775e+23 1.470370236e+09 8.899879987e-01 1.100120013e-01
1.296611152e+00 7.551364005e+23 1.511855682e+09 8.915870752e-01 1.084129248e-01
1.300928566e+00 7.349856083e+23 1.466628327e+09 8.889321166e-01 1.110678834e-01
1.305260356e+00 7.511940341e+23 1.493996797e+09 8.911181999e-01 1.088818001e-01
1.309606570e+00 7.623490202e+23 1.511150381e+09 8.925994309e-01 1.074005691e-01
1.313967255e+00 7.539789455e+23 1.489598957e+09 8.922261156e-01 1.077738844e-01
1.318342461e+00 7.583866813e+23 1.493334646e+09 8.919592305e-01 1.080407695e-01
1.322732235e+00 7.639948569e+23 1.499385067e+09 8.914400112e-01 1.085599888e-01
1.327136627e+00 7.684154047e+23 1.503055826e+09 8.936410151e-01 1.063589849e-01
1.331555683e+00 7.646146487e+23 1.490657828e+09 8.921294766e-01 1.078705234e-01
1.335989454e+00 7.699360250e+23 1.496050640e+09 8.928257363e-01 1.071742637e-01
1.340437989e+00 7.754544350e+23 1.501772821e+09 8.928238012e-01 1.071761988e-01
1.344901336e+00 7.802933521e+23 1.506128981e+09 8.928566977e-01 1.071433023e-01
1.349379545e+00 7.829492570e+23 1.506240003e+09 8.931638883e-01 1.068361117e-01
1.353872666e+00 7.928167245e+23 1.520161281e+09 8.945171613e-01 1.054828387e-01
1.358380747e+00 7.861663920e+23 1.502407145e+09 8.942894987e-01 1.057105013e-01
1.362903840e+00 7.589800885e+23 1.445638984e+09 8.902210487e-01 1.097789513e-01
1.367441993e+00 7.743704540e+23 1.470058255e+09 8.913893897e-01 1.086106103e-01
1.371995257e+00 8.010880011e+23 1.515731584e+09 8.935470171e-01 1.064529829e-01
1.376563683e+00 8.018434670e+23 1.512125967e+09 8.940597402e-01 1.059402598e-01
1.381147320e+00 8.146123122e+23 1.531107375e+09 8.950832356e-01 1.049167644e-01
1.385746220e+00 7.988906220e+23 1.496574373e+09 8.931777705e-01 1.068222295e-01
1.390360433e+00 7.961456310e+23 1.486482497e+09 8.923471086e-01 1.076528914e-01
1.394990010e+00 7.814855766e+23 1.454268352e+09 8.893307512e-01 1.106692488e-01
1.399635003e+00 7.895941501e+23 1.464481233e+09 8.906141200e-01 1.093858800e-01
1.404295462e+00 7.772454292e+23 1.436793544e+09 8.889426838e-01 1.110573162e-01
1.408971440e+00 7.815683089e+23 1.439989863e+09 8.886938908e-01 1.113061092e-01
1.413662988e+00 7.563440061e+23 1.388891006e+09 8.851888192e-01 1.148111808e-01
1.418370157e+00 7.668720763e+23 1.403550434e+09 8.856799213e-01 1.143200787e-01
1.423093000e+00 7.735238945e+23 1.411026385e+09 8.875677500e-01 1.124322500e-01
1.427831570e+00 8.048957158e+23 1.463380688e+09 8.926768346e-01 1.073231654e-01
1.432585917e+00 8.053969160e+23 1.459432349e+09 8.905100023e-01 1.094899977e-01
1.437356095e+00 7.745987224e+23 1.398965759e+09 8.855627285e-01 1.144372715e-01
1.442142157e+00 7.856103271e+23 1.414144520e+09 8.886246492e-01 1.113753508e-01
1.446944156e+00 7.822413355e+23 1.403407118e+09 8.863876327e-01 1.136123673e-01
1.451762144e+00 7.937682108e+23 1.419361165e+09 8.878886965e-01 1.121113035e-01
1.456596175e+00 7.966628372e+23 1.419809499e+09 8.874912799e-01 1.125087201e-01
1.461446302e+00 7.319027606e+23 1.300065419e+09 8.783634142e-01 1.216365858e-01
1.466312578e+00 7.677980581e+23 1.359299424e+09 8.835715343e-01 1.164284657e-01
1.471195059e+00 7.726532207e+23 1.363355283e+09 8.851476566e-01 1.148523434e-01
1.476093796e+00 8.164701809e+23 1.435889622e+09 8.906282918e-01 1.093717082e-01
1.481008846e+00 7.977981200e+23 1.398395571e+09 8.873021656e-01 1.126978344e-01
1.485940261e+00 8.534676933e+23 1.491009532e+09 8.946417164e-01 1.053582836e-01
1.490888097e+00 7.994795960e+23 1.392057006e+09 8.851319847e-01 1.148680153e-01
1.495852408e+00 8.496687161e+23 1.474536634e+09 8.866739921e-01 1.133260079e-01
1.500833250e+00 8.305063586e+23 1.436498587e+09 8.883415477e-01 1.116584523e-01
1.505830676e+00 8.202035838e+23 1.413970036e+09 8.874878434e-01 1.125121566e-01
1.510844742e+00 8.542149894e+23 1.467716018e+09 8.903695621e-01 1.096304379e-01
1.515875504e+00 8.666000247e+23 1.484054485e+09 8.908853129e-01 1.091146871e-01
1.520923018e+00 8.899256910e+23 1.518942017e+09 8.928481051e-01 1.071518949e-01
1.525987338e+00 8.867237056e+23 1.508454006e+09 8.911966355e-01 1.088033645e-01
1.531068521e+00 9.106462229e+23 1.544008713e+09 8.947610097e-01 1.052389903e-01
1.536166624e+00 9.017290472e+23 1.523815611e+09 8.912476330e-01 1.087523670e-01
1.541281702e+00 8.789394785e+23 1.480374627e+09 8.891069772e-01 1.108930228e-01
1.546413812e+00 8.881848244e+23 1.490981697e+09 8.883061680e-01 1.116938320e-01
1.551563011e+00 8.894650748e+23 1.488175554e+09 8.909949162e-01 1.090050838e-01
1.556729355e+00 8.676061070e+23 1.446785571e+09 8.912127536e-01 1.087872464e-01
1.561912903e+00 8.816016110e+23 1.465244994e+09 8.933033508e-01 1.066966492e-01
1.567113710e+00 9.090632818e+23 1.505872804e+09 8.949382592e-01 1.050617408e-01
1.572331834e+00 9.097490549e+23 1.502007458e+09 8.912331393e-01 1.087668607e-01
1.577567334e+00 7.874624857e+23 1.295796051e+09 8.836292708e-01 1.163707292e-01
1.582820267e+00 8.623875388e+23 1.414378199e+09 8.932127369e-01 1.067872631e-01
1.588090691e+00 8.936625870e+23 1.460807400e+09 8.928530508e-01 1.071469492e-01
1.593378664e+00 9.100736709e+23 1.482696411e+09 8.955166937e-01 1.044833063e-01
1.598684245e+00 7.925183705e+23 1.286889705e+09 8.815239400e-01 1.184760600e-01
1.604007492e+00 8.879250057e+23 1.437025841e+09 8.923769269e-01 1.076230731e-01
1.609348465e+00 9.472420727e+23 1.527937441e+09 8.948115227e-01 1.051884773e-01
1.614707221e+00 9.914968607e+23 1.594014397e+09 9.015439366e-01 9.845606335e-02
1.620083821e+00 8.093022998e+23 1.296784985e+09 8.800566542e-01 1.199433458e-01
1.625478324e+00 8.639538248e+23 1.379761533e+09 8.873880753e-01 1.126119247e-01
1.630890789e+00 9.519302883e+23 1.515217400e+09 8.955168531e-01 1.044831469e-01
1.636321277e+00 9.585324990e+23 1.520662893e+09 8.954803525e-01 1.045196475e-01
1.641769847e+00 8.561069367e+23 1.353662583e+09 8.786001956e-01 1.213998044e-01
1.647236559e+00 9.287487632e+23 1.463649065e+09 8.949538791e-01 1.050461209e-01
1.652721474e+00 8.838971989e+23 1.388342988e+09 8.874538546e-01 1.125461454e-01
1.658224653e+00 9.610861559e+23 1.504574294e+09 8.969980859e-01 1.030019141e-01
1.663746156e+00 9.004438767e+23 1.404960996e+09 8.924527135e-01 1.075472865e-01
1.669286044e+00 9.342441181e+23 1.452861761e+09 8.953892246e-01 1.046107754e-01
1.674844379e+00 9.513125748e+23 1.474495533e+09 8.957186062e-01 1.042813938e-01
1.680421222e+00 9.584652495e+23 1.480651659e+09 8.934499783e-01 1.065500217e-01
1.686016634e+00 8.754777830e+23 1.347962958e+09 8.889591066e-01 1.110408934e-01
1.691630678e+00 9.426413534e+23 1.446557227e+09 8.955995831e-01 1.044004169e-01
1.697263415e+00 9.435454881e+23 1.443139374e+09 8.934301936e-01 1.065698064e-01
1.702914908e+00 9.660445612e+23 1.472647810e+09 8.981258338e-01 1.018741662e-01
1.708585219e+00 9.461503075e+23 1.437534160e+09 8.960737819e-01 1.039262181e-01
1.714274411e+00 9.440899425e+23 1.429643362e+09 8.952254597e-01 1.047745403e-01
1.719982547e+00 9.442776561e+23 1.425182093e+09 8.954442450e-01 1.045557550e-01
1.725709689e+00 9.631391444e+23 1.448825163e+09 8.982937502e-01 1.017062498e-01
1.731455902e+00 8.769020836e+23 1.314723273e+09 8.898175680e-01 1.101824320e-01
1.737221248e+00 9.015462022e+23 1.347185933e+09 8.870763566e-01 1.129236434e-01
1.743005791e+00 8.936750888e+23 1.330992186e+09 8.896587052e-01 1.103412948e-01
1.748809595e+00 9.473947675e+23 1.406316713e+09 8.970778721e-01 1.029221279e-01
1.754632725e+00 8.890644440e+23 1.315351125e+09 8.911839127e-01 1.088160873e-01
1.760475245e+00 9.154580509e+23 1.349905011e+09 8.937947682e-01 1.062052318e-01
1.766337218e+00 9.259321737e+23 1.360818606e+09 8.947308626e-01 1.052691374e-01
1.772218711e+00 9.169473568e+23 1.343141503e+09 8.945199909e-01 1.054800091e-01
1.778119788e+00 8.821065769e+23 1.287818705e+09 8.904213925e-01 1.095786075e-01
1.784040514e+00 8.954072810e+23 1.302898526e+09 8.915394236e-01 1.084605764e-01
1.789980954e+00 9.287577755e+23 1.346941507e+09 8.954146244e-01 1.045853756e-01
1.795941175e+00 9.050426521e+23 1.308192404e+09 8.931580860e-01 1.068419140e-01
1.801921242e+00 8.678268340e+23 1.250235866e+09 8.897092320e-01 1.102907680e-01
1.807921221e+00 8.911268648e+23 1.279542506e+09 8.920016559e-01 1.079983441e-01
1.813941179e+00 8.914340817e+23 1.275735726e+09 8.833914884e-01 1.166085116e-01
1.819981182e+00 8.805047780e+23 1.255912848e+09 8.894878398e-01 1.105121602e-01
1.826041296e+00 9.156328426e+23 1.301683652e+09 8.958762243e-01 1.041237757e-01
1.832121590e+00 8.992365412e+23 1.274131749e+09 8.946050249e-01 1.053949751e-01
1.838222129e+00 8.765698970e+23 1.237893395e+09 8.922577156e-01 1.077422844e-01
1.844342982e+00 8.763328060e+23 1.233451468e+09 8.922915176e-01 1.077084824e-01
1.850484216e+00 8.935419572e+23 1.253499742e+09 8.941651228e-01 1.058348772e-01
1.856645898e+00 8.522290283e+23 1.191576485e+09 8.890426729e-01 1.109573271e-01
1.862828098e+00 8.854441424e+23 1.233908832e+09 8.942433783e-01 1.057566217e-01
1.869030883e+00 8.987528991e+23 1.248298678e+09 8.869546632e-01 1.130453368e-01
1.875254322e+00 9.717053801e+23 1.345145044e+09 7.568350141e-01 2.431649859e-01
1.881498483e+00 8.943475381e+23 1.233948763e+09 8.817565943e-01 1.182434057e-01
1.887763436e+00 8.782743846e+23 1.207750790e+09 8.952102460e-01 1.047897540e-01
1.894049250e+00 8.538960966e+23 1.170330287e+09 8.936433023e-01 1.063566977e-01
1.900355994e+00 8.863301780e+23 1.210752168e+09 8.961256838e-01 1.038743162e-01
1.906683738e+00 8.703728718e+23 1.185008232e+09 8.923207631e-01 1.076792369e-01
1.913032552e+00 8.635408866e+23 1.171804682e+09 8.923593330e-01 1.076406670e-01
1.919402506e+00 8.514200282e+23 1.151522659e+09 8.911226873e-01 1.088773127e-01
1.925793671e+00 8.572958640e+23 1.155621617e+09 8.921058886e-01 1.078941114e-01
1.932206116e+00 8.392722963e+23 1.127571574e+09 8.910173280e-01 1.089826720e-01
1.938639914e+00 8.269611446e+23 1.107344207e+09 8.899599084e-01 1.100400916e-01
1.945095134e+00 8.035499381e+23 1.072424453e+09 8.742061837e-01 1.257938163e-01
1.951571849e+00 7.757604070e+23 1.031900325e+09 8.783683347e-01 1.216316653e-01
1.958070130e+00 8.478454519e+23 1.124043545e+09 8.922089699e-01 1.077910301e-01
1.964590049e+00 7.972627965e+23 1.053475021e+09 8.861967239e-01 1.138032761e-01
1.971131678e+00 8.168006607e+23 1.075709803e+09 8.898992981e-01 1.101007019e-01
1.977695088e+00 7.485280684e+23 9.825246137e+08 8.802085344e-01 1.197914656e-01
1.984280354e+00 8.317116275e+23 1.088089011e+09 8.919705606e-01 1.080294394e-01
1.990887546e+00 8.013939446e+23 1.044946391e+09 8.878713508e-01 1.121286492e-01
1.997516740e+00 7.735619803e+23 1.005308542e+09 8.835354055e-01 1.164645945e-01
2.004168006e+00 8.072252395e+23 1.045575242e+09 8.878921208e-01 1.121078792e-01
2.010841420e+00 8.101325258e+23 1.045858499e+09 8.884165733e-01 1.115834267e-01
2.017537055e+00 7.794208742e+23 1.002871285e+09 8.851125535e-01 1.148874465e-01
2.024254985e+00 7.694376956e+23 9.867404350e+08 8.850341620e-01 1.149658380e-01
2.030995284e+00 7.998194124e+23 1.022298467e+09 8.897584294e-01 1.102415706e-01
2.037758027e+00 7.898172266e+23 1.006163765e+09 8.877061611e-01 1.122938389e-01
2.044543288e+00 7.796963241e+23 9.899741634e+08 8.856038658e-01 1.143961342e-01
2.051351142e+00 7.802797933e+23 9.874270868e+08 8.860952473e-01 1.139047527e-01
2.058181665e+00 7.770047965e+23 9.800194125e+08 8.731421269e-01 1.268578731e-01
2.065034932e+00 7.695330837e+23 9.673743701e+08 8.812747435e-01 1.187252565e-01
2.071911018e+00 7.552914487e+23 9.463202890e+08 8.837032920e-01 1.162967080e-01
2.078810001e+00 7.814484677e+23 9.758436268e+08 8.880715828e-01 1.119284172e-01
2.085731955e+00 7.473362696e+23 9.301484112e+08 8.837230693e-01 1.162769307e-01
2.092676958e+00 7.639829910e+23 9.477115662e+08 8.868874189e-01 1.131125811e-01
2.099645086e+00 7.616547678e+23 9.416878320e+08 8.862916682e-01 1.137083318e-01
2.106636417e+00 7.340478114e+23 9.045434733e+08 8.819135498e-01 1.180864502e-01
2.113651027e+00 7.546547607e+23 9.268505561e+08 8.851458001e-01 1.148541999e-01
2.120688994e+00 7.235052579e+23 8.856444243e+08 8.812947958e-01 1.187052042e-01
2.127750396e+00 7.403325472e+23 9.032351838e+08 8.842571332e-01 1.157428668e-01
2.134835310e+00 7.192452228e+23 8.745956082e+08 8.804689163e-01 1.195310837e-01
2.141943816e+00 7.452188653e+23 9.031719669e+08 8.848870012e-01 1.151129988e-01
2.149075992e+00 7.197563469e+23 8.694175737e+08 8.815665010e-01 1.184334990e-01
2.156231915e+00 7.244932640e+23 8.722351128e+08 8.823746852e-01 1.176253148e-01
2.163411667e+00 7.377810221e+23 8.852847762e+08 8.652255874e-01 1.347744126e-01
2.170615325e+00 7.207997107e+23 8.620380233e+08 8.757453364e-01 1.242546636e-01
2.177842970e+00 7.127349566e+23 8.495641560e+08 8.828091455e-01 1.171908545e-01
2.185094681e+00 7.161023702e+23 8.507452538e+08 8.833479564e-01 1.166520436e-01
2.192370539e+00 7.327993510e+23 8.676924174e+08 8.861972476e-01 1.138027524e-01
2.199670624e+00 7.137365018e+23 8.423157796e+08 8.843282224e-01 1.156717776e-01
2.206995016e+00 6.624394217e+23 7.791830573e+08 8.757786117e-01 1.242213883e-01
2.214343797e+00 7.073328160e+23 8.292270123e+08 8.831618685e-01 1.168381315e-01
2.221717048e+00 6.880991800e+23 8.040017175e+08 8.809776884e-01 1.190223116e-01
2.229114849e+00 6.998912153e+23 8.150660076e+08 8.839381000e-01 1.160619000e-01
2.236537284e+00 7.040551029e+23 8.171940423e+08 8.848465648e-01 1.151534352e-01
2.243984434e+00 7.010050389e+23 8.109535577e+08 8.844778029e-01 1.155221971e-01
2.251456381e+00 6.941038984e+23 8.003051836e+08 8.833450659e-01 1.166549341e-01
2.258953208e+00 6.935943094e+23 7.970635883e+08 8.841402531e-01 1.158597469e-01
2.266474997e+00 6.607886368e+23 7.568439041e+08 8.789132656e-01 1.210867344e-01
2.274021832e+00 6.865023546e+23 7.836859935e+08 8.831894053e-01 1.168105947e-01
2.281593797e+00 6.649344978e+23 7.565457948e+08 8.816778980e-01 1.183221020e-01
2.289190974e+00 6.680301525e+23 7.575455025e+08 8.914046952e-01 1.085953048e-01
2.296813449e+00 5.356071180e+23 6.053622027e+08 8.709741123e-01 1.290258877e-01
2.304461304e+00 6.161951174e+23 6.941343180e+08 8.853604301e-01 1.146395699e-01
2.312134625e+00 6.171097143e+23 6.928575426e+08 8.850211956e-01 1.149788044e-01
2.319833496e+00 6.160646557e+23 6.893887029e+08 8.925045335e-01 1.074954665e-01
2.327558003e+00 5.480003193e+23 6.111882308e+08 8.825707271e-01 1.174292729e-01
2.335308230e+00 5.822189833e+23 6.471975063e+08 8.870116605e-01 1.129883395e-01
2.343084264e+00 5.867014721e+23 6.500158612e+08 8.904170598e-01 1.095829402e-01
2.350886191e+00 5.490086273e+23 6.062367334e+08 8.915925822e-01 1.084074178e-01
2.358714096e+00 5.069869145e+23 5.579767866e+08 8.825862652e-01 1.174137348e-01
2.366568066e+00 5.390538579e+23 5.912999500e+08 8.858439190e-01 1.141560810e-01
2.374448188e+00 4.945061820e+23 5.406344443e+08 8.734377816e-01 1.265622184e-01
2.382354549e+00 4.868643791e+23 5.305133166e+08 8.784425561e-01 1.215574439e-01
2.390287236e+00 4.984234381e+23 5.413062579e+08 8.824548644e-01 1.175451356e-01
2.398246338e+00 5.112541845e+23 5.533982346e+08 8.820033542e-01 1.179966458e-01
2.406231941e+00 5.108139853e+23 5.510867577e+08 8.862216529e-01 1.137783471e-01
2.414244134e+00 3.910152964e+23 4.204431158e+08 8.560633038e-01 1.439366962e-01
2.422283007e+00 4.862583504e+23 5.211189590e+08 8.821002142e-01 1.178997858e-01
2.430348646e+00 5.097040515e+23 5.444326841e+08 8.851721451e-01 1.148278549e-01
2.438441143e+00 4.691745619e+23 4.994785743e+08 8.785748636e-01 1.214251364e-01
2.446560586e+00 4.086014770e+23 4.335494513e+08 8.625188895e-01 1.374811105e-01
2.454707064e+00 4.663121077e+23 4.931416718e+08 8.788458671e-01 1.211541329e-01
2.462880669e+00 4.695447278e+23 4.949123397e+08 8.767156466e-01 1.232843534e-01
2.471081489e+00 4.706814906e+23 4.944640668e+08 8.777501996e-01 1.222498004e-01
2.479309617e+00 4.035634621e+23 4.225477154e+08 8.630196302e-01 1.369803698e-01
2.487565142e+00 4.607769827e+23 4.808515251e+08 8.791143048e-01 1.208856952e-01
2.495848156e+00 4.828800295e+23 5.022451694e+08 8.823257473e-01 1.176742527e-01
